Using device: cuda
Loaded MUTAG. Total graphs: 188 | Train: 150 | Test: 38
========================================
========================================
====================
data:
Data(edge_index=[2, 60], x=[26, 7], edge_attr=[60, 4], y=[1])
====================
data.x:
tensor([[1., 0., 0., 0., 0., 0., 0.],
        [1., 0., 0., 0., 0., 0., 0.],
        [1., 0., 0., 0., 0., 0., 0.],
        [1., 0., 0., 0., 0., 0., 0.],
        [1., 0., 0., 0., 0., 0., 0.],
        [1., 0., 0., 0., 0., 0., 0.],
        [1., 0., 0., 0., 0., 0., 0.],
        [1., 0., 0., 0., 0., 0., 0.],
        [1., 0., 0., 0., 0., 0., 0.],
        [1., 0., 0., 0., 0., 0., 0.],
        [1., 0., 0., 0., 0., 0., 0.],
        [1., 0., 0., 0., 0., 0., 0.],
        [1., 0., 0., 0., 0., 0., 0.],
        [1., 0., 0., 0., 0., 0., 0.],
        [1., 0., 0., 0., 0., 0., 0.],
        [1., 0., 0., 0., 0., 0., 0.],
        [1., 0., 0., 0., 0., 0., 0.],
        [1., 0., 0., 0., 0., 0., 0.],
        [1., 0., 0., 0., 0., 0., 0.],
        [1., 0., 0., 0., 0., 0., 0.],
        [0., 1., 0., 0., 0., 0., 0.],
        [0., 0., 1., 0., 0., 0., 0.],
        [0., 0., 1., 0., 0., 0., 0.],
        [0., 1., 0., 0., 0., 0., 0.],
        [0., 0., 1., 0., 0., 0., 0.],
        [0., 0., 1., 0., 0., 0., 0.]])
====================
data.edge_index:
tensor([[ 0,  0,  1,  1,  2,  2,  2,  3,  3,  4,  4,  5,  5,  5,  6,  6,  6,  7,
          7,  8,  8,  8,  9,  9,  9, 10, 10, 10, 11, 11, 11, 12, 12, 12, 13, 13,
         14, 14, 14, 15, 15, 15, 16, 16, 17, 17, 18, 18, 19, 19, 20, 20, 20, 21,
         22, 23, 23, 23, 24, 25],
        [ 1, 13,  0,  2,  1,  3, 11,  2,  4,  3,  5,  4,  6, 10,  5,  7, 23,  6,
          8,  7,  9, 20,  8, 10, 15,  5,  9, 11,  2, 10, 12, 11, 13, 14,  0, 12,
         12, 15, 19,  9, 14, 16, 15, 17, 16, 18, 17, 19, 14, 18,  8, 21, 22, 20,
         20,  6, 24, 25, 23, 23]])
====================
data.edge_attr:
:tensor([[1., 0., 0., 0.],
        [1., 0., 0., 0.],
        [1., 0., 0., 0.],
        [1., 0., 0., 0.],
        [1., 0., 0., 0.],
        [1., 0., 0., 0.],
        [1., 0., 0., 0.],
        [1., 0., 0., 0.],
        [1., 0., 0., 0.],
        [1., 0., 0., 0.],
        [1., 0., 0., 0.],
        [1., 0., 0., 0.],
        [1., 0., 0., 0.],
        [1., 0., 0., 0.],
        [1., 0., 0., 0.],
        [1., 0., 0., 0.],
        [0., 1., 0., 0.],
        [1., 0., 0., 0.],
        [1., 0., 0., 0.],
        [1., 0., 0., 0.],
        [1., 0., 0., 0.],
        [0., 1., 0., 0.],
        [1., 0., 0., 0.],
        [1., 0., 0., 0.],
        [1., 0., 0., 0.],
        [1., 0., 0., 0.],
        [1., 0., 0., 0.],
        [1., 0., 0., 0.],
        [1., 0., 0., 0.],
        [1., 0., 0., 0.],
        [1., 0., 0., 0.],
        [1., 0., 0., 0.],
        [1., 0., 0., 0.],
        [1., 0., 0., 0.],
        [1., 0., 0., 0.],
        [1., 0., 0., 0.],
        [1., 0., 0., 0.],
        [1., 0., 0., 0.],
        [0., 1., 0., 0.],
        [1., 0., 0., 0.],
        [1., 0., 0., 0.],
        [0., 1., 0., 0.],
        [0., 1., 0., 0.],
        [0., 1., 0., 0.],
        [0., 1., 0., 0.],
        [0., 1., 0., 0.],
        [0., 1., 0., 0.],
        [0., 1., 0., 0.],
        [0., 1., 0., 0.],
        [0., 1., 0., 0.],
        [0., 1., 0., 0.],
        [0., 0., 1., 0.],
        [0., 1., 0., 0.],
        [0., 0., 1., 0.],
        [0., 1., 0., 0.],
        [0., 1., 0., 0.],
        [0., 0., 1., 0.],
        [0., 1., 0., 0.],
        [0., 0., 1., 0.],
        [0., 1., 0., 0.]])
====================
data.y:
tensor([1])

========================================
========================================
====================
data:
Data(edge_index=[2, 34], x=[16, 7], edge_attr=[34, 4], y=[1])
====================
data.x:
tensor([[1., 0., 0., 0., 0., 0., 0.],
        [1., 0., 0., 0., 0., 0., 0.],
        [1., 0., 0., 0., 0., 0., 0.],
        [1., 0., 0., 0., 0., 0., 0.],
        [1., 0., 0., 0., 0., 0., 0.],
        [1., 0., 0., 0., 0., 0., 0.],
        [1., 0., 0., 0., 0., 0., 0.],
        [1., 0., 0., 0., 0., 0., 0.],
        [1., 0., 0., 0., 0., 0., 0.],
        [1., 0., 0., 0., 0., 0., 0.],
        [0., 1., 0., 0., 0., 0., 0.],
        [0., 0., 1., 0., 0., 0., 0.],
        [0., 0., 1., 0., 0., 0., 0.],
        [0., 1., 0., 0., 0., 0., 0.],
        [0., 0., 1., 0., 0., 0., 0.],
        [0., 0., 1., 0., 0., 0., 0.]])
====================
data.edge_index:
tensor([[ 0,  0,  1,  1,  2,  2,  3,  3,  3,  4,  4,  4,  5,  5,  6,  6,  7,  7,
          7,  8,  8,  9,  9,  9, 10, 10, 10, 11, 12, 13, 13, 13, 14, 15],
        [ 1,  5,  0,  2,  1,  3,  2,  4,  9,  3,  5,  6,  0,  4,  4,  7,  6,  8,
         13,  7,  9,  3,  8, 10,  9, 11, 12, 10, 10,  7, 14, 15, 13, 13]])
====================
data.edge_attr:
:tensor([[1., 0., 0., 0.],
        [1., 0., 0., 0.],
        [1., 0., 0., 0.],
        [1., 0., 0., 0.],
        [1., 0., 0., 0.],
        [1., 0., 0., 0.],
        [1., 0., 0., 0.],
        [1., 0., 0., 0.],
        [1., 0., 0., 0.],
        [1., 0., 0., 0.],
        [1., 0., 0., 0.],
        [1., 0., 0., 0.],
        [1., 0., 0., 0.],
        [1., 0., 0., 0.],
        [1., 0., 0., 0.],
        [1., 0., 0., 0.],
        [1., 0., 0., 0.],
        [1., 0., 0., 0.],
        [0., 1., 0., 0.],
        [1., 0., 0., 0.],
        [1., 0., 0., 0.],
        [1., 0., 0., 0.],
        [1., 0., 0., 0.],
        [0., 1., 0., 0.],
        [0., 1., 0., 0.],
        [0., 0., 1., 0.],
        [0., 1., 0., 0.],
        [0., 0., 1., 0.],
        [0., 1., 0., 0.],
        [0., 1., 0., 0.],
        [0., 0., 1., 0.],
        [0., 1., 0., 0.],
        [0., 0., 1., 0.],
        [0., 1., 0., 0.]])
====================
data.y:
tensor([0])

========================================
========================================
====================
data:
Data(edge_index=[2, 38], x=[17, 7], edge_attr=[38, 4], y=[1])
====================
data.x:
tensor([[1., 0., 0., 0., 0., 0., 0.],
        [1., 0., 0., 0., 0., 0., 0.],
        [1., 0., 0., 0., 0., 0., 0.],
        [1., 0., 0., 0., 0., 0., 0.],
        [1., 0., 0., 0., 0., 0., 0.],
        [1., 0., 0., 0., 0., 0., 0.],
        [1., 0., 0., 0., 0., 0., 0.],
        [1., 0., 0., 0., 0., 0., 0.],
        [1., 0., 0., 0., 0., 0., 0.],
        [1., 0., 0., 0., 0., 0., 0.],
        [1., 0., 0., 0., 0., 0., 0.],
        [1., 0., 0., 0., 0., 0., 0.],
        [1., 0., 0., 0., 0., 0., 0.],
        [1., 0., 0., 0., 0., 0., 0.],
        [0., 1., 0., 0., 0., 0., 0.],
        [0., 0., 1., 0., 0., 0., 0.],
        [0., 0., 1., 0., 0., 0., 0.]])
====================
data.edge_index:
tensor([[ 0,  0,  1,  1,  2,  2,  3,  3,  3,  4,  4,  4,  5,  5,  6,  6,  7,  7,
          8,  8,  8,  9,  9,  9, 10, 10, 11, 11, 12, 12, 12, 13, 13, 14, 14, 14,
         15, 16],
        [ 1,  5,  0,  2,  1,  3,  2,  4,  9,  3,  5,  6,  0,  4,  4,  7,  6,  8,
          7,  9, 13,  3,  8, 10,  9, 11, 10, 12, 11, 13, 14,  8, 12, 12, 15, 16,
         14, 14]])
====================
data.edge_attr:
:tensor([[1., 0., 0., 0.],
        [1., 0., 0., 0.],
        [1., 0., 0., 0.],
        [1., 0., 0., 0.],
        [1., 0., 0., 0.],
        [1., 0., 0., 0.],
        [1., 0., 0., 0.],
        [1., 0., 0., 0.],
        [0., 1., 0., 0.],
        [1., 0., 0., 0.],
        [1., 0., 0., 0.],
        [0., 1., 0., 0.],
        [1., 0., 0., 0.],
        [1., 0., 0., 0.],
        [0., 1., 0., 0.],
        [0., 1., 0., 0.],
        [0., 1., 0., 0.],
        [0., 1., 0., 0.],
        [0., 1., 0., 0.],
        [1., 0., 0., 0.],
        [1., 0., 0., 0.],
        [0., 1., 0., 0.],
        [1., 0., 0., 0.],
        [1., 0., 0., 0.],
        [1., 0., 0., 0.],
        [1., 0., 0., 0.],
        [1., 0., 0., 0.],
        [1., 0., 0., 0.],
        [1., 0., 0., 0.],
        [1., 0., 0., 0.],
        [0., 1., 0., 0.],
        [1., 0., 0., 0.],
        [1., 0., 0., 0.],
        [0., 1., 0., 0.],
        [0., 0., 1., 0.],
        [0., 1., 0., 0.],
        [0., 0., 1., 0.],
        [0., 1., 0., 0.]])
====================
data.y:
tensor([1])

========================================
========================================
====================
data:
Data(edge_index=[2, 38], x=[17, 7], edge_attr=[38, 4], y=[1])
====================
data.x:
tensor([[1., 0., 0., 0., 0., 0., 0.],
        [1., 0., 0., 0., 0., 0., 0.],
        [1., 0., 0., 0., 0., 0., 0.],
        [1., 0., 0., 0., 0., 0., 0.],
        [1., 0., 0., 0., 0., 0., 0.],
        [1., 0., 0., 0., 0., 0., 0.],
        [0., 1., 0., 0., 0., 0., 0.],
        [0., 0., 1., 0., 0., 0., 0.],
        [0., 0., 1., 0., 0., 0., 0.],
        [1., 0., 0., 0., 0., 0., 0.],
        [1., 0., 0., 0., 0., 0., 0.],
        [1., 0., 0., 0., 0., 0., 0.],
        [1., 0., 0., 0., 0., 0., 0.],
        [1., 0., 0., 0., 0., 0., 0.],
        [1., 0., 0., 0., 0., 0., 0.],
        [1., 0., 0., 0., 0., 0., 0.],
        [0., 0., 0., 1., 0., 0., 0.]])
====================
data.edge_index:
tensor([[ 0,  0,  1,  1,  2,  2,  2,  3,  3,  3,  4,  4,  5,  5,  5,  6,  6,  6,
          7,  8,  9,  9, 10, 10, 10, 11, 11, 11, 12, 12, 13, 13, 14, 14, 14, 15,
         15, 16],
        [ 1,  5,  0,  2,  1,  3, 11,  2,  4,  9,  3,  5,  0,  4,  6,  5,  7,  8,
          6,  6,  3, 10,  9, 11, 15,  2, 10, 12, 11, 13, 12, 14, 13, 15, 16, 10,
         14, 14]])
====================
data.edge_attr:
:tensor([[1., 0., 0., 0.],
        [1., 0., 0., 0.],
        [1., 0., 0., 0.],
        [1., 0., 0., 0.],
        [1., 0., 0., 0.],
        [1., 0., 0., 0.],
        [0., 1., 0., 0.],
        [1., 0., 0., 0.],
        [1., 0., 0., 0.],
        [0., 1., 0., 0.],
        [1., 0., 0., 0.],
        [1., 0., 0., 0.],
        [1., 0., 0., 0.],
        [1., 0., 0., 0.],
        [0., 1., 0., 0.],
        [0., 1., 0., 0.],
        [0., 0., 1., 0.],
        [0., 1., 0., 0.],
        [0., 0., 1., 0.],
        [0., 1., 0., 0.],
        [0., 1., 0., 0.],
        [0., 1., 0., 0.],
        [0., 1., 0., 0.],
        [1., 0., 0., 0.],
        [1., 0., 0., 0.],
        [0., 1., 0., 0.],
        [1., 0., 0., 0.],
        [1., 0., 0., 0.],
        [1., 0., 0., 0.],
        [1., 0., 0., 0.],
        [1., 0., 0., 0.],
        [1., 0., 0., 0.],
        [1., 0., 0., 0.],
        [1., 0., 0., 0.],
        [0., 1., 0., 0.],
        [1., 0., 0., 0.],
        [1., 0., 0., 0.],
        [0., 1., 0., 0.]])
====================
data.y:
tensor([1])

========================================
========================================
====================
data:
Data(edge_index=[2, 50], x=[22, 7], edge_attr=[50, 4], y=[1])
====================
data.x:
tensor([[1., 0., 0., 0., 0., 0., 0.],
        [1., 0., 0., 0., 0., 0., 0.],
        [1., 0., 0., 0., 0., 0., 0.],
        [1., 0., 0., 0., 0., 0., 0.],
        [1., 0., 0., 0., 0., 0., 0.],
        [1., 0., 0., 0., 0., 0., 0.],
        [1., 0., 0., 0., 0., 0., 0.],
        [1., 0., 0., 0., 0., 0., 0.],
        [1., 0., 0., 0., 0., 0., 0.],
        [1., 0., 0., 0., 0., 0., 0.],
        [1., 0., 0., 0., 0., 0., 0.],
        [1., 0., 0., 0., 0., 0., 0.],
        [1., 0., 0., 0., 0., 0., 0.],
        [1., 0., 0., 0., 0., 0., 0.],
        [1., 0., 0., 0., 0., 0., 0.],
        [1., 0., 0., 0., 0., 0., 0.],
        [0., 1., 0., 0., 0., 0., 0.],
        [0., 0., 1., 0., 0., 0., 0.],
        [0., 0., 1., 0., 0., 0., 0.],
        [0., 1., 0., 0., 0., 0., 0.],
        [0., 0., 1., 0., 0., 0., 0.],
        [0., 0., 1., 0., 0., 0., 0.]])
====================
data.edge_index:
tensor([[ 0,  0,  1,  1,  2,  2,  2,  3,  3,  4,  4,  4,  5,  5,  6,  6,  6,  7,
          7,  7,  8,  8,  8,  9,  9,  9, 10, 10, 11, 11, 11, 12, 12, 13, 13, 13,
         14, 14, 15, 15, 16, 16, 16, 17, 18, 19, 19, 19, 20, 21],
        [ 1,  9,  0,  2,  1,  3,  7,  2,  4,  3,  5, 19,  4,  6,  5,  7, 15,  2,
          6,  8,  7,  9, 13,  0,  8, 10,  9, 11, 10, 12, 16, 11, 13,  8, 12, 14,
         13, 15,  6, 14, 11, 17, 18, 16, 16,  4, 20, 21, 19, 19]])
====================
data.edge_attr:
:tensor([[1., 0., 0., 0.],
        [1., 0., 0., 0.],
        [1., 0., 0., 0.],
        [1., 0., 0., 0.],
        [1., 0., 0., 0.],
        [1., 0., 0., 0.],
        [1., 0., 0., 0.],
        [1., 0., 0., 0.],
        [1., 0., 0., 0.],
        [1., 0., 0., 0.],
        [1., 0., 0., 0.],
        [0., 1., 0., 0.],
        [1., 0., 0., 0.],
        [1., 0., 0., 0.],
        [1., 0., 0., 0.],
        [1., 0., 0., 0.],
        [0., 1., 0., 0.],
        [1., 0., 0., 0.],
        [1., 0., 0., 0.],
        [1., 0., 0., 0.],
        [1., 0., 0., 0.],
        [1., 0., 0., 0.],
        [1., 0., 0., 0.],
        [1., 0., 0., 0.],
        [1., 0., 0., 0.],
        [1., 0., 0., 0.],
        [1., 0., 0., 0.],
        [1., 0., 0., 0.],
        [1., 0., 0., 0.],
        [1., 0., 0., 0.],
        [0., 1., 0., 0.],
        [1., 0., 0., 0.],
        [1., 0., 0., 0.],
        [1., 0., 0., 0.],
        [1., 0., 0., 0.],
        [0., 1., 0., 0.],
        [0., 1., 0., 0.],
        [0., 1., 0., 0.],
        [0., 1., 0., 0.],
        [0., 1., 0., 0.],
        [0., 1., 0., 0.],
        [0., 0., 1., 0.],
        [0., 1., 0., 0.],
        [0., 0., 1., 0.],
        [0., 1., 0., 0.],
        [0., 1., 0., 0.],
        [0., 0., 1., 0.],
        [0., 1., 0., 0.],
        [0., 0., 1., 0.],
        [0., 1., 0., 0.]])
====================
data.y:
tensor([1])

========================================
========================================
====================
data:
Data(edge_index=[2, 26], x=[13, 7], edge_attr=[26, 4], y=[1])
====================
data.x:
tensor([[1., 0., 0., 0., 0., 0., 0.],
        [1., 0., 0., 0., 0., 0., 0.],
        [1., 0., 0., 0., 0., 0., 0.],
        [1., 0., 0., 0., 0., 0., 0.],
        [1., 0., 0., 0., 0., 0., 0.],
        [1., 0., 0., 0., 0., 0., 0.],
        [0., 1., 0., 0., 0., 0., 0.],
        [0., 0., 1., 0., 0., 0., 0.],
        [0., 0., 1., 0., 0., 0., 0.],
        [0., 1., 0., 0., 0., 0., 0.],
        [0., 0., 1., 0., 0., 0., 0.],
        [0., 0., 1., 0., 0., 0., 0.],
        [0., 0., 0., 1., 0., 0., 0.]])
====================
data.edge_index:
tensor([[ 0,  0,  1,  1,  2,  2,  2,  3,  3,  3,  4,  4,  5,  5,  5,  6,  6,  6,
          7,  8,  9,  9,  9, 10, 11, 12],
        [ 1,  5,  0,  2,  1,  3, 12,  2,  4,  9,  3,  5,  0,  4,  6,  5,  7,  8,
          6,  6,  3, 10, 11,  9,  9,  2]])
====================
data.edge_attr:
:tensor([[1., 0., 0., 0.],
        [1., 0., 0., 0.],
        [1., 0., 0., 0.],
        [1., 0., 0., 0.],
        [1., 0., 0., 0.],
        [1., 0., 0., 0.],
        [0., 1., 0., 0.],
        [1., 0., 0., 0.],
        [1., 0., 0., 0.],
        [0., 1., 0., 0.],
        [1., 0., 0., 0.],
        [1., 0., 0., 0.],
        [1., 0., 0., 0.],
        [1., 0., 0., 0.],
        [0., 1., 0., 0.],
        [0., 1., 0., 0.],
        [0., 0., 1., 0.],
        [0., 1., 0., 0.],
        [0., 0., 1., 0.],
        [0., 1., 0., 0.],
        [0., 1., 0., 0.],
        [0., 0., 1., 0.],
        [0., 1., 0., 0.],
        [0., 0., 1., 0.],
        [0., 1., 0., 0.],
        [0., 1., 0., 0.]])
====================
data.y:
tensor([1])

========================================
========================================
====================
data:
Data(edge_index=[2, 26], x=[12, 7], edge_attr=[26, 4], y=[1])
====================
data.x:
tensor([[1., 0., 0., 0., 0., 0., 0.],
        [1., 0., 0., 0., 0., 0., 0.],
        [1., 0., 0., 0., 0., 0., 0.],
        [1., 0., 0., 0., 0., 0., 0.],
        [0., 1., 0., 0., 0., 0., 0.],
        [1., 0., 0., 0., 0., 0., 0.],
        [0., 1., 0., 0., 0., 0., 0.],
        [0., 1., 0., 0., 0., 0., 0.],
        [0., 0., 1., 0., 0., 0., 0.],
        [0., 0., 1., 0., 0., 0., 0.],
        [1., 0., 0., 0., 0., 0., 0.],
        [1., 0., 0., 0., 0., 0., 0.]])
====================
data.edge_index:
tensor([[ 0,  0,  1,  1,  2,  2,  2,  3,  3,  3,  4,  4,  5,  5,  5,  6,  6,  7,
          7,  7,  8,  9, 10, 10, 11, 11],
        [ 1, 11,  0,  2,  1,  3,  6,  2,  4, 10,  3,  5,  4,  6,  7,  2,  5,  5,
          8,  9,  7,  7,  3, 11,  0, 10]])
====================
data.edge_attr:
:tensor([[0., 0., 1., 0.],
        [0., 1., 0., 0.],
        [0., 0., 1., 0.],
        [0., 1., 0., 0.],
        [0., 1., 0., 0.],
        [0., 1., 0., 0.],
        [0., 1., 0., 0.],
        [0., 1., 0., 0.],
        [0., 0., 1., 0.],
        [0., 1., 0., 0.],
        [0., 0., 1., 0.],
        [0., 1., 0., 0.],
        [0., 1., 0., 0.],
        [0., 0., 1., 0.],
        [0., 1., 0., 0.],
        [0., 1., 0., 0.],
        [0., 0., 1., 0.],
        [0., 1., 0., 0.],
        [0., 0., 1., 0.],
        [0., 1., 0., 0.],
        [0., 0., 1., 0.],
        [0., 1., 0., 0.],
        [0., 1., 0., 0.],
        [0., 0., 1., 0.],
        [0., 1., 0., 0.],
        [0., 0., 1., 0.]])
====================
data.y:
tensor([0])

========================================
========================================
====================
data:
Data(edge_index=[2, 44], x=[20, 7], edge_attr=[44, 4], y=[1])
====================
data.x:
tensor([[1., 0., 0., 0., 0., 0., 0.],
        [1., 0., 0., 0., 0., 0., 0.],
        [1., 0., 0., 0., 0., 0., 0.],
        [1., 0., 0., 0., 0., 0., 0.],
        [1., 0., 0., 0., 0., 0., 0.],
        [1., 0., 0., 0., 0., 0., 0.],
        [0., 0., 1., 0., 0., 0., 0.],
        [1., 0., 0., 0., 0., 0., 0.],
        [1., 0., 0., 0., 0., 0., 0.],
        [1., 0., 0., 0., 0., 0., 0.],
        [1., 0., 0., 0., 0., 0., 0.],
        [1., 0., 0., 0., 0., 0., 0.],
        [1., 0., 0., 0., 0., 0., 0.],
        [0., 0., 1., 0., 0., 0., 0.],
        [0., 0., 0., 0., 0., 1., 0.],
        [0., 0., 0., 0., 0., 1., 0.],
        [0., 0., 0., 0., 0., 1., 0.],
        [0., 1., 0., 0., 0., 0., 0.],
        [0., 0., 1., 0., 0., 0., 0.],
        [0., 0., 1., 0., 0., 0., 0.]])
====================
data.edge_index:
tensor([[ 0,  0,  1,  1,  1,  2,  2,  2,  3,  3,  4,  4,  4,  5,  5,  5,  6,  6,
          7,  7,  7,  8,  8,  9,  9,  9, 10, 10, 10, 11, 11, 12, 12, 12, 13, 13,
         14, 15, 16, 17, 17, 17, 18, 19],
        [ 1,  5,  0,  2, 17,  1,  3, 16,  2,  4,  3,  5, 13,  0,  4,  6,  5,  7,
          6,  8, 12,  7,  9,  8, 10, 15,  9, 11, 14, 10, 12,  7, 11, 13,  4, 12,
         10,  9,  2,  1, 18, 19, 17, 17]])
====================
data.edge_attr:
:tensor([[1., 0., 0., 0.],
        [1., 0., 0., 0.],
        [1., 0., 0., 0.],
        [1., 0., 0., 0.],
        [0., 1., 0., 0.],
        [1., 0., 0., 0.],
        [1., 0., 0., 0.],
        [0., 1., 0., 0.],
        [1., 0., 0., 0.],
        [1., 0., 0., 0.],
        [1., 0., 0., 0.],
        [1., 0., 0., 0.],
        [0., 1., 0., 0.],
        [1., 0., 0., 0.],
        [1., 0., 0., 0.],
        [0., 1., 0., 0.],
        [0., 1., 0., 0.],
        [0., 1., 0., 0.],
        [0., 1., 0., 0.],
        [1., 0., 0., 0.],
        [1., 0., 0., 0.],
        [1., 0., 0., 0.],
        [1., 0., 0., 0.],
        [1., 0., 0., 0.],
        [1., 0., 0., 0.],
        [0., 1., 0., 0.],
        [1., 0., 0., 0.],
        [1., 0., 0., 0.],
        [0., 1., 0., 0.],
        [1., 0., 0., 0.],
        [1., 0., 0., 0.],
        [1., 0., 0., 0.],
        [1., 0., 0., 0.],
        [0., 1., 0., 0.],
        [0., 1., 0., 0.],
        [0., 1., 0., 0.],
        [0., 1., 0., 0.],
        [0., 1., 0., 0.],
        [0., 1., 0., 0.],
        [0., 1., 0., 0.],
        [0., 0., 1., 0.],
        [0., 1., 0., 0.],
        [0., 0., 1., 0.],
        [0., 1., 0., 0.]])
====================
data.y:
tensor([0])

========================================
========================================
====================
data:
Data(edge_index=[2, 26], x=[12, 7], edge_attr=[26, 4], y=[1])
====================
data.x:
tensor([[1., 0., 0., 0., 0., 0., 0.],
        [1., 0., 0., 0., 0., 0., 0.],
        [1., 0., 0., 0., 0., 0., 0.],
        [1., 0., 0., 0., 0., 0., 0.],
        [1., 0., 0., 0., 0., 0., 0.],
        [1., 0., 0., 0., 0., 0., 0.],
        [0., 1., 0., 0., 0., 0., 0.],
        [0., 0., 1., 0., 0., 0., 0.],
        [0., 0., 1., 0., 0., 0., 0.],
        [0., 1., 0., 0., 0., 0., 0.],
        [1., 0., 0., 0., 0., 0., 0.],
        [1., 0., 0., 0., 0., 0., 0.]])
====================
data.edge_index:
tensor([[ 0,  0,  1,  1,  2,  2,  2,  3,  3,  3,  4,  4,  5,  5,  5,  6,  6,  6,
          7,  8,  9,  9, 10, 10, 11, 11],
        [ 1,  5,  0,  2,  1,  3, 11,  2,  4,  9,  3,  5,  0,  4,  6,  5,  7,  8,
          6,  6,  3, 10,  9, 11,  2, 10]])
====================
data.edge_attr:
:tensor([[1., 0., 0., 0.],
        [1., 0., 0., 0.],
        [1., 0., 0., 0.],
        [1., 0., 0., 0.],
        [1., 0., 0., 0.],
        [1., 0., 0., 0.],
        [0., 1., 0., 0.],
        [1., 0., 0., 0.],
        [1., 0., 0., 0.],
        [0., 1., 0., 0.],
        [1., 0., 0., 0.],
        [1., 0., 0., 0.],
        [1., 0., 0., 0.],
        [1., 0., 0., 0.],
        [0., 1., 0., 0.],
        [0., 1., 0., 0.],
        [0., 0., 1., 0.],
        [0., 1., 0., 0.],
        [0., 0., 1., 0.],
        [0., 1., 0., 0.],
        [0., 1., 0., 0.],
        [0., 1., 0., 0.],
        [0., 1., 0., 0.],
        [0., 1., 0., 0.],
        [0., 1., 0., 0.],
        [0., 1., 0., 0.]])
====================
data.y:
tensor([0])

========================================
========================================
====================
data:
Data(edge_index=[2, 24], x=[12, 7], edge_attr=[24, 4], y=[1])
====================
data.x:
tensor([[1., 0., 0., 0., 0., 0., 0.],
        [1., 0., 0., 0., 0., 0., 0.],
        [1., 0., 0., 0., 0., 0., 0.],
        [1., 0., 0., 0., 0., 0., 0.],
        [1., 0., 0., 0., 0., 0., 0.],
        [1., 0., 0., 0., 0., 0., 0.],
        [0., 1., 0., 0., 0., 0., 0.],
        [0., 0., 1., 0., 0., 0., 0.],
        [0., 0., 1., 0., 0., 0., 0.],
        [0., 1., 0., 0., 0., 0., 0.],
        [0., 0., 1., 0., 0., 0., 0.],
        [0., 0., 1., 0., 0., 0., 0.]])
====================
data.edge_index:
tensor([[ 0,  0,  1,  1,  2,  2,  2,  3,  3,  4,  4,  4,  5,  5,  6,  6,  6,  7,
          8,  9,  9,  9, 10, 11],
        [ 1,  5,  0,  2,  1,  3,  9,  2,  4,  3,  5,  6,  0,  4,  4,  7,  8,  6,
          6,  2, 10, 11,  9,  9]])
====================
data.edge_attr:
:tensor([[1., 0., 0., 0.],
        [1., 0., 0., 0.],
        [1., 0., 0., 0.],
        [1., 0., 0., 0.],
        [1., 0., 0., 0.],
        [1., 0., 0., 0.],
        [0., 1., 0., 0.],
        [1., 0., 0., 0.],
        [1., 0., 0., 0.],
        [1., 0., 0., 0.],
        [1., 0., 0., 0.],
        [0., 1., 0., 0.],
        [1., 0., 0., 0.],
        [1., 0., 0., 0.],
        [0., 1., 0., 0.],
        [0., 0., 1., 0.],
        [0., 1., 0., 0.],
        [0., 0., 1., 0.],
        [0., 1., 0., 0.],
        [0., 1., 0., 0.],
        [0., 0., 1., 0.],
        [0., 1., 0., 0.],
        [0., 0., 1., 0.],
        [0., 1., 0., 0.]])
====================
data.y:
tensor([1])

========================================
========================================
====================
data:
Data(edge_index=[2, 46], x=[22, 7], edge_attr=[46, 4], y=[1])
====================
data.x:
tensor([[1., 0., 0., 0., 0., 0., 0.],
        [1., 0., 0., 0., 0., 0., 0.],
        [1., 0., 0., 0., 0., 0., 0.],
        [1., 0., 0., 0., 0., 0., 0.],
        [1., 0., 0., 0., 0., 0., 0.],
        [1., 0., 0., 0., 0., 0., 0.],
        [1., 0., 0., 0., 0., 0., 0.],
        [1., 0., 0., 0., 0., 0., 0.],
        [1., 0., 0., 0., 0., 0., 0.],
        [0., 0., 1., 0., 0., 0., 0.],
        [1., 0., 0., 0., 0., 0., 0.],
        [1., 0., 0., 0., 0., 0., 0.],
        [1., 0., 0., 0., 0., 0., 0.],
        [1., 0., 0., 0., 0., 0., 0.],
        [1., 0., 0., 0., 0., 0., 0.],
        [1., 0., 0., 0., 0., 0., 0.],
        [0., 1., 0., 0., 0., 0., 0.],
        [0., 0., 1., 0., 0., 0., 0.],
        [0., 0., 1., 0., 0., 0., 0.],
        [0., 1., 0., 0., 0., 0., 0.],
        [0., 0., 1., 0., 0., 0., 0.],
        [0., 0., 1., 0., 0., 0., 0.]])
====================
data.edge_index:
tensor([[ 0,  0,  1,  1,  2,  2,  2,  3,  3,  4,  4,  5,  5,  5,  6,  6,  7,  7,
          8,  8,  8,  9, 10, 10, 10, 11, 11, 12, 12, 13, 13, 13, 14, 14, 15, 15,
         16, 16, 16, 17, 18, 19, 19, 19, 20, 21],
        [ 1,  5,  0,  2,  1,  3, 19,  2,  4,  3,  5,  0,  4,  6,  5,  7,  6,  8,
          7,  9, 10,  8,  8, 11, 15, 10, 12, 11, 13, 12, 14, 16, 13, 15, 10, 14,
         13, 17, 18, 16, 16,  2, 20, 21, 19, 19]])
====================
data.edge_attr:
:tensor([[1., 0., 0., 0.],
        [1., 0., 0., 0.],
        [1., 0., 0., 0.],
        [1., 0., 0., 0.],
        [1., 0., 0., 0.],
        [1., 0., 0., 0.],
        [0., 1., 0., 0.],
        [1., 0., 0., 0.],
        [1., 0., 0., 0.],
        [1., 0., 0., 0.],
        [1., 0., 0., 0.],
        [1., 0., 0., 0.],
        [1., 0., 0., 0.],
        [0., 1., 0., 0.],
        [0., 1., 0., 0.],
        [0., 0., 1., 0.],
        [0., 0., 1., 0.],
        [0., 1., 0., 0.],
        [0., 1., 0., 0.],
        [0., 0., 1., 0.],
        [0., 1., 0., 0.],
        [0., 0., 1., 0.],
        [0., 1., 0., 0.],
        [1., 0., 0., 0.],
        [1., 0., 0., 0.],
        [1., 0., 0., 0.],
        [1., 0., 0., 0.],
        [1., 0., 0., 0.],
        [1., 0., 0., 0.],
        [1., 0., 0., 0.],
        [1., 0., 0., 0.],
        [0., 1., 0., 0.],
        [1., 0., 0., 0.],
        [1., 0., 0., 0.],
        [1., 0., 0., 0.],
        [1., 0., 0., 0.],
        [0., 1., 0., 0.],
        [0., 0., 1., 0.],
        [0., 1., 0., 0.],
        [0., 0., 1., 0.],
        [0., 1., 0., 0.],
        [0., 1., 0., 0.],
        [0., 0., 1., 0.],
        [0., 1., 0., 0.],
        [0., 0., 1., 0.],
        [0., 1., 0., 0.]])
====================
data.y:
tensor([0])

========================================
========================================
====================
data:
Data(edge_index=[2, 54], x=[23, 7], edge_attr=[54, 4], y=[1])
====================
data.x:
tensor([[1., 0., 0., 0., 0., 0., 0.],
        [1., 0., 0., 0., 0., 0., 0.],
        [1., 0., 0., 0., 0., 0., 0.],
        [1., 0., 0., 0., 0., 0., 0.],
        [1., 0., 0., 0., 0., 0., 0.],
        [1., 0., 0., 0., 0., 0., 0.],
        [1., 0., 0., 0., 0., 0., 0.],
        [1., 0., 0., 0., 0., 0., 0.],
        [1., 0., 0., 0., 0., 0., 0.],
        [1., 0., 0., 0., 0., 0., 0.],
        [1., 0., 0., 0., 0., 0., 0.],
        [1., 0., 0., 0., 0., 0., 0.],
        [1., 0., 0., 0., 0., 0., 0.],
        [1., 0., 0., 0., 0., 0., 0.],
        [1., 0., 0., 0., 0., 0., 0.],
        [1., 0., 0., 0., 0., 0., 0.],
        [0., 1., 0., 0., 0., 0., 0.],
        [0., 0., 1., 0., 0., 0., 0.],
        [0., 0., 1., 0., 0., 0., 0.],
        [1., 0., 0., 0., 0., 0., 0.],
        [1., 0., 0., 0., 0., 0., 0.],
        [1., 0., 0., 0., 0., 0., 0.],
        [1., 0., 0., 0., 0., 0., 0.]])
====================
data.edge_index:
tensor([[ 0,  0,  1,  1,  2,  2,  2,  3,  3,  4,  4,  4,  5,  5,  5,  6,  6,  6,
          7,  7,  7,  8,  8,  8,  9,  9,  9, 10, 10, 11, 11, 12, 12, 12, 13, 13,
         13, 14, 14, 15, 15, 16, 16, 16, 17, 18, 19, 19, 20, 20, 21, 21, 22, 22],
        [ 1,  9,  0,  2,  1,  3,  7,  2,  4,  3,  5, 22,  4,  6, 19,  5,  7, 15,
          2,  6,  8,  7,  9, 13,  0,  8, 10,  9, 11, 10, 12, 11, 13, 16,  8, 12,
         14, 13, 15,  6, 14, 12, 17, 18, 16, 16,  5, 20, 19, 21, 20, 22,  4, 21]])
====================
data.edge_attr:
:tensor([[1., 0., 0., 0.],
        [1., 0., 0., 0.],
        [1., 0., 0., 0.],
        [1., 0., 0., 0.],
        [1., 0., 0., 0.],
        [1., 0., 0., 0.],
        [1., 0., 0., 0.],
        [1., 0., 0., 0.],
        [1., 0., 0., 0.],
        [1., 0., 0., 0.],
        [1., 0., 0., 0.],
        [0., 1., 0., 0.],
        [1., 0., 0., 0.],
        [1., 0., 0., 0.],
        [0., 1., 0., 0.],
        [1., 0., 0., 0.],
        [1., 0., 0., 0.],
        [1., 0., 0., 0.],
        [1., 0., 0., 0.],
        [1., 0., 0., 0.],
        [1., 0., 0., 0.],
        [1., 0., 0., 0.],
        [1., 0., 0., 0.],
        [1., 0., 0., 0.],
        [1., 0., 0., 0.],
        [1., 0., 0., 0.],
        [1., 0., 0., 0.],
        [1., 0., 0., 0.],
        [1., 0., 0., 0.],
        [1., 0., 0., 0.],
        [1., 0., 0., 0.],
        [1., 0., 0., 0.],
        [1., 0., 0., 0.],
        [0., 1., 0., 0.],
        [1., 0., 0., 0.],
        [1., 0., 0., 0.],
        [1., 0., 0., 0.],
        [1., 0., 0., 0.],
        [1., 0., 0., 0.],
        [1., 0., 0., 0.],
        [1., 0., 0., 0.],
        [0., 1., 0., 0.],
        [0., 0., 1., 0.],
        [0., 1., 0., 0.],
        [0., 0., 1., 0.],
        [0., 1., 0., 0.],
        [0., 1., 0., 0.],
        [0., 1., 0., 0.],
        [0., 1., 0., 0.],
        [0., 1., 0., 0.],
        [0., 1., 0., 0.],
        [0., 1., 0., 0.],
        [0., 1., 0., 0.],
        [0., 1., 0., 0.]])
====================
data.y:
tensor([1])

========================================
========================================
====================
data:
Data(edge_index=[2, 38], x=[17, 7], edge_attr=[38, 4], y=[1])
====================
data.x:
tensor([[1., 0., 0., 0., 0., 0., 0.],
        [1., 0., 0., 0., 0., 0., 0.],
        [1., 0., 0., 0., 0., 0., 0.],
        [1., 0., 0., 0., 0., 0., 0.],
        [1., 0., 0., 0., 0., 0., 0.],
        [1., 0., 0., 0., 0., 0., 0.],
        [0., 1., 0., 0., 0., 0., 0.],
        [0., 0., 1., 0., 0., 0., 0.],
        [0., 0., 1., 0., 0., 0., 0.],
        [1., 0., 0., 0., 0., 0., 0.],
        [1., 0., 0., 0., 0., 0., 0.],
        [1., 0., 0., 0., 0., 0., 0.],
        [1., 0., 0., 0., 0., 0., 0.],
        [1., 0., 0., 0., 0., 0., 0.],
        [1., 0., 0., 0., 0., 0., 0.],
        [1., 0., 0., 0., 0., 0., 0.],
        [0., 0., 0., 0., 0., 0., 1.]])
====================
data.edge_index:
tensor([[ 0,  0,  1,  1,  2,  2,  2,  3,  3,  3,  4,  4,  5,  5,  5,  6,  6,  6,
          7,  8,  9,  9, 10, 10, 10, 11, 11, 11, 12, 12, 13, 13, 14, 14, 14, 15,
         15, 16],
        [ 1,  5,  0,  2,  1,  3, 11,  2,  4,  9,  3,  5,  0,  4,  6,  5,  7,  8,
          6,  6,  3, 10,  9, 11, 15,  2, 10, 12, 11, 13, 12, 14, 13, 15, 16, 10,
         14, 14]])
====================
data.edge_attr:
:tensor([[1., 0., 0., 0.],
        [1., 0., 0., 0.],
        [1., 0., 0., 0.],
        [1., 0., 0., 0.],
        [1., 0., 0., 0.],
        [1., 0., 0., 0.],
        [0., 1., 0., 0.],
        [1., 0., 0., 0.],
        [1., 0., 0., 0.],
        [0., 1., 0., 0.],
        [1., 0., 0., 0.],
        [1., 0., 0., 0.],
        [1., 0., 0., 0.],
        [1., 0., 0., 0.],
        [0., 1., 0., 0.],
        [0., 1., 0., 0.],
        [0., 0., 1., 0.],
        [0., 1., 0., 0.],
        [0., 0., 1., 0.],
        [0., 1., 0., 0.],
        [0., 1., 0., 0.],
        [0., 1., 0., 0.],
        [0., 1., 0., 0.],
        [1., 0., 0., 0.],
        [1., 0., 0., 0.],
        [0., 1., 0., 0.],
        [1., 0., 0., 0.],
        [1., 0., 0., 0.],
        [1., 0., 0., 0.],
        [1., 0., 0., 0.],
        [1., 0., 0., 0.],
        [1., 0., 0., 0.],
        [1., 0., 0., 0.],
        [1., 0., 0., 0.],
        [0., 1., 0., 0.],
        [1., 0., 0., 0.],
        [1., 0., 0., 0.],
        [0., 1., 0., 0.]])
====================
data.y:
tensor([1])

========================================
========================================
====================
data:
Data(edge_index=[2, 26], x=[13, 7], edge_attr=[26, 4], y=[1])
====================
data.x:
tensor([[1., 0., 0., 0., 0., 0., 0.],
        [1., 0., 0., 0., 0., 0., 0.],
        [1., 0., 0., 0., 0., 0., 0.],
        [1., 0., 0., 0., 0., 0., 0.],
        [1., 0., 0., 0., 0., 0., 0.],
        [1., 0., 0., 0., 0., 0., 0.],
        [0., 1., 0., 0., 0., 0., 0.],
        [0., 0., 1., 0., 0., 0., 0.],
        [0., 0., 1., 0., 0., 0., 0.],
        [0., 1., 0., 0., 0., 0., 0.],
        [0., 0., 1., 0., 0., 0., 0.],
        [0., 0., 1., 0., 0., 0., 0.],
        [0., 0., 0., 0., 0., 1., 0.]])
====================
data.edge_index:
tensor([[ 0,  0,  1,  1,  2,  2,  2,  3,  3,  3,  4,  4,  5,  5,  5,  6,  6,  6,
          7,  8,  9,  9,  9, 10, 11, 12],
        [ 1,  5,  0,  2,  1,  3, 12,  2,  4,  9,  3,  5,  0,  4,  6,  5,  7,  8,
          6,  6,  3, 10, 11,  9,  9,  2]])
====================
data.edge_attr:
:tensor([[1., 0., 0., 0.],
        [1., 0., 0., 0.],
        [1., 0., 0., 0.],
        [1., 0., 0., 0.],
        [1., 0., 0., 0.],
        [1., 0., 0., 0.],
        [0., 1., 0., 0.],
        [1., 0., 0., 0.],
        [1., 0., 0., 0.],
        [0., 1., 0., 0.],
        [1., 0., 0., 0.],
        [1., 0., 0., 0.],
        [1., 0., 0., 0.],
        [1., 0., 0., 0.],
        [0., 1., 0., 0.],
        [0., 1., 0., 0.],
        [0., 0., 1., 0.],
        [0., 1., 0., 0.],
        [0., 0., 1., 0.],
        [0., 1., 0., 0.],
        [0., 1., 0., 0.],
        [0., 0., 1., 0.],
        [0., 1., 0., 0.],
        [0., 0., 1., 0.],
        [0., 1., 0., 0.],
        [0., 1., 0., 0.]])
====================
data.y:
tensor([1])

========================================
========================================
====================
data:
Data(edge_index=[2, 44], x=[20, 7], edge_attr=[44, 4], y=[1])
====================
data.x:
tensor([[1., 0., 0., 0., 0., 0., 0.],
        [1., 0., 0., 0., 0., 0., 0.],
        [0., 0., 1., 0., 0., 0., 0.],
        [0., 1., 0., 0., 0., 0., 0.],
        [1., 0., 0., 0., 0., 0., 0.],
        [1., 0., 0., 0., 0., 0., 0.],
        [1., 0., 0., 0., 0., 0., 0.],
        [1., 0., 0., 0., 0., 0., 0.],
        [1., 0., 0., 0., 0., 0., 0.],
        [1., 0., 0., 0., 0., 0., 0.],
        [1., 0., 0., 0., 0., 0., 0.],
        [1., 0., 0., 0., 0., 0., 0.],
        [1., 0., 0., 0., 0., 0., 0.],
        [1., 0., 0., 0., 0., 0., 0.],
        [1., 0., 0., 0., 0., 0., 0.],
        [1., 0., 0., 0., 0., 0., 0.],
        [1., 0., 0., 0., 0., 0., 0.],
        [0., 1., 0., 0., 0., 0., 0.],
        [0., 0., 1., 0., 0., 0., 0.],
        [0., 0., 1., 0., 0., 0., 0.]])
====================
data.edge_index:
tensor([[ 0,  1,  1,  1,  2,  3,  3,  4,  4,  4,  5,  5,  6,  6,  7,  7,  7,  8,
          8,  8,  9,  9, 10, 10, 11, 11, 11, 12, 12, 12, 13, 13, 14, 14, 15, 15,
         15, 16, 16, 17, 17, 17, 18, 19],
        [ 1,  0,  2,  3,  1,  1,  4,  3,  5,  9,  4,  6,  5,  7,  6,  8, 12,  7,
          9, 10,  4,  8,  8, 11, 10, 12, 16,  7, 11, 13, 12, 14, 13, 15, 14, 16,
         17, 11, 15, 15, 18, 19, 17, 17]])
====================
data.edge_attr:
:tensor([[0., 1., 0., 0.],
        [0., 1., 0., 0.],
        [0., 0., 1., 0.],
        [0., 1., 0., 0.],
        [0., 0., 1., 0.],
        [0., 1., 0., 0.],
        [0., 1., 0., 0.],
        [0., 1., 0., 0.],
        [1., 0., 0., 0.],
        [1., 0., 0., 0.],
        [1., 0., 0., 0.],
        [1., 0., 0., 0.],
        [1., 0., 0., 0.],
        [1., 0., 0., 0.],
        [1., 0., 0., 0.],
        [1., 0., 0., 0.],
        [0., 1., 0., 0.],
        [1., 0., 0., 0.],
        [1., 0., 0., 0.],
        [0., 1., 0., 0.],
        [1., 0., 0., 0.],
        [1., 0., 0., 0.],
        [0., 1., 0., 0.],
        [0., 1., 0., 0.],
        [0., 1., 0., 0.],
        [1., 0., 0., 0.],
        [1., 0., 0., 0.],
        [0., 1., 0., 0.],
        [1., 0., 0., 0.],
        [1., 0., 0., 0.],
        [1., 0., 0., 0.],
        [1., 0., 0., 0.],
        [1., 0., 0., 0.],
        [1., 0., 0., 0.],
        [1., 0., 0., 0.],
        [1., 0., 0., 0.],
        [0., 1., 0., 0.],
        [1., 0., 0., 0.],
        [1., 0., 0., 0.],
        [0., 1., 0., 0.],
        [0., 0., 1., 0.],
        [0., 1., 0., 0.],
        [0., 0., 1., 0.],
        [0., 1., 0., 0.]])
====================
data.y:
tensor([1])

========================================
========================================
====================
data:
Data(edge_index=[2, 54], x=[23, 7], edge_attr=[54, 4], y=[1])
====================
data.x:
tensor([[1., 0., 0., 0., 0., 0., 0.],
        [1., 0., 0., 0., 0., 0., 0.],
        [1., 0., 0., 0., 0., 0., 0.],
        [1., 0., 0., 0., 0., 0., 0.],
        [1., 0., 0., 0., 0., 0., 0.],
        [1., 0., 0., 0., 0., 0., 0.],
        [1., 0., 0., 0., 0., 0., 0.],
        [1., 0., 0., 0., 0., 0., 0.],
        [1., 0., 0., 0., 0., 0., 0.],
        [1., 0., 0., 0., 0., 0., 0.],
        [1., 0., 0., 0., 0., 0., 0.],
        [1., 0., 0., 0., 0., 0., 0.],
        [1., 0., 0., 0., 0., 0., 0.],
        [1., 0., 0., 0., 0., 0., 0.],
        [1., 0., 0., 0., 0., 0., 0.],
        [1., 0., 0., 0., 0., 0., 0.],
        [1., 0., 0., 0., 0., 0., 0.],
        [1., 0., 0., 0., 0., 0., 0.],
        [1., 0., 0., 0., 0., 0., 0.],
        [1., 0., 0., 0., 0., 0., 0.],
        [0., 1., 0., 0., 0., 0., 0.],
        [0., 0., 1., 0., 0., 0., 0.],
        [0., 0., 1., 0., 0., 0., 0.]])
====================
data.edge_index:
tensor([[ 0,  0,  1,  1,  2,  2,  2,  3,  3,  4,  4,  5,  5,  6,  6,  6,  7,  7,
          7,  8,  8,  8,  9,  9, 10, 10, 10, 11, 11, 11, 12, 12, 13, 13, 13, 14,
         14, 15, 15, 15, 16, 16, 17, 17, 18, 18, 18, 19, 19, 20, 20, 20, 21, 22],
        [ 1,  9,  0,  2,  1,  3,  7,  2,  4,  3,  5,  4,  6,  5,  7, 11,  2,  6,
          8,  7,  9, 10,  0,  8,  8, 11, 19,  6, 10, 12, 11, 13, 12, 14, 18, 13,
         15, 14, 16, 20, 15, 17, 16, 18, 13, 17, 19, 10, 18, 15, 21, 22, 20, 20]])
====================
data.edge_attr:
:tensor([[1., 0., 0., 0.],
        [1., 0., 0., 0.],
        [1., 0., 0., 0.],
        [1., 0., 0., 0.],
        [1., 0., 0., 0.],
        [1., 0., 0., 0.],
        [1., 0., 0., 0.],
        [1., 0., 0., 0.],
        [1., 0., 0., 0.],
        [1., 0., 0., 0.],
        [1., 0., 0., 0.],
        [1., 0., 0., 0.],
        [1., 0., 0., 0.],
        [1., 0., 0., 0.],
        [1., 0., 0., 0.],
        [0., 1., 0., 0.],
        [1., 0., 0., 0.],
        [1., 0., 0., 0.],
        [1., 0., 0., 0.],
        [1., 0., 0., 0.],
        [1., 0., 0., 0.],
        [0., 1., 0., 0.],
        [1., 0., 0., 0.],
        [1., 0., 0., 0.],
        [0., 1., 0., 0.],
        [1., 0., 0., 0.],
        [1., 0., 0., 0.],
        [0., 1., 0., 0.],
        [1., 0., 0., 0.],
        [1., 0., 0., 0.],
        [1., 0., 0., 0.],
        [1., 0., 0., 0.],
        [1., 0., 0., 0.],
        [1., 0., 0., 0.],
        [1., 0., 0., 0.],
        [1., 0., 0., 0.],
        [1., 0., 0., 0.],
        [1., 0., 0., 0.],
        [1., 0., 0., 0.],
        [0., 1., 0., 0.],
        [1., 0., 0., 0.],
        [1., 0., 0., 0.],
        [1., 0., 0., 0.],
        [1., 0., 0., 0.],
        [1., 0., 0., 0.],
        [1., 0., 0., 0.],
        [1., 0., 0., 0.],
        [1., 0., 0., 0.],
        [1., 0., 0., 0.],
        [0., 1., 0., 0.],
        [0., 0., 1., 0.],
        [0., 1., 0., 0.],
        [0., 0., 1., 0.],
        [0., 1., 0., 0.]])
====================
data.y:
tensor([1])

========================================
========================================
====================
data:
Data(edge_index=[2, 36], x=[17, 7], edge_attr=[36, 4], y=[1])
====================
data.x:
tensor([[1., 0., 0., 0., 0., 0., 0.],
        [1., 0., 0., 0., 0., 0., 0.],
        [1., 0., 0., 0., 0., 0., 0.],
        [1., 0., 0., 0., 0., 0., 0.],
        [1., 0., 0., 0., 0., 0., 0.],
        [1., 0., 0., 0., 0., 0., 0.],
        [1., 0., 0., 0., 0., 0., 0.],
        [1., 0., 0., 0., 0., 0., 0.],
        [1., 0., 0., 0., 0., 0., 0.],
        [1., 0., 0., 0., 0., 0., 0.],
        [1., 0., 0., 0., 0., 0., 0.],
        [1., 0., 0., 0., 0., 0., 0.],
        [1., 0., 0., 0., 0., 0., 0.],
        [1., 0., 0., 0., 0., 0., 0.],
        [0., 1., 0., 0., 0., 0., 0.],
        [0., 0., 1., 0., 0., 0., 0.],
        [0., 0., 1., 0., 0., 0., 0.]])
====================
data.edge_index:
tensor([[ 0,  1,  1,  1,  2,  2,  3,  3,  4,  4,  5,  5,  6,  6,  6,  7,  7,  7,
          8,  8,  9,  9, 10, 10, 10, 11, 11, 11, 12, 12, 13, 14, 14, 14, 15, 16],
        [ 1,  0,  2,  6,  1,  3,  2,  4,  3,  5,  4,  6,  1,  5,  7,  6,  8, 12,
          7,  9,  8, 10,  9, 11, 14, 10, 12, 13,  7, 11, 11, 10, 15, 16, 14, 14]])
====================
data.edge_attr:
:tensor([[0., 1., 0., 0.],
        [0., 1., 0., 0.],
        [1., 0., 0., 0.],
        [1., 0., 0., 0.],
        [1., 0., 0., 0.],
        [1., 0., 0., 0.],
        [1., 0., 0., 0.],
        [1., 0., 0., 0.],
        [1., 0., 0., 0.],
        [1., 0., 0., 0.],
        [1., 0., 0., 0.],
        [1., 0., 0., 0.],
        [1., 0., 0., 0.],
        [1., 0., 0., 0.],
        [0., 1., 0., 0.],
        [0., 1., 0., 0.],
        [1., 0., 0., 0.],
        [1., 0., 0., 0.],
        [1., 0., 0., 0.],
        [1., 0., 0., 0.],
        [1., 0., 0., 0.],
        [1., 0., 0., 0.],
        [1., 0., 0., 0.],
        [1., 0., 0., 0.],
        [0., 1., 0., 0.],
        [1., 0., 0., 0.],
        [1., 0., 0., 0.],
        [0., 1., 0., 0.],
        [1., 0., 0., 0.],
        [1., 0., 0., 0.],
        [0., 1., 0., 0.],
        [0., 1., 0., 0.],
        [0., 0., 1., 0.],
        [0., 1., 0., 0.],
        [0., 0., 1., 0.],
        [0., 1., 0., 0.]])
====================
data.y:
tensor([0])

========================================
========================================
====================
data:
Data(edge_index=[2, 50], x=[22, 7], edge_attr=[50, 4], y=[1])
====================
data.x:
tensor([[1., 0., 0., 0., 0., 0., 0.],
        [1., 0., 0., 0., 0., 0., 0.],
        [1., 0., 0., 0., 0., 0., 0.],
        [1., 0., 0., 0., 0., 0., 0.],
        [1., 0., 0., 0., 0., 0., 0.],
        [1., 0., 0., 0., 0., 0., 0.],
        [1., 0., 0., 0., 0., 0., 0.],
        [1., 0., 0., 0., 0., 0., 0.],
        [1., 0., 0., 0., 0., 0., 0.],
        [1., 0., 0., 0., 0., 0., 0.],
        [1., 0., 0., 0., 0., 0., 0.],
        [1., 0., 0., 0., 0., 0., 0.],
        [1., 0., 0., 0., 0., 0., 0.],
        [1., 0., 0., 0., 0., 0., 0.],
        [1., 0., 0., 0., 0., 0., 0.],
        [1., 0., 0., 0., 0., 0., 0.],
        [0., 1., 0., 0., 0., 0., 0.],
        [0., 0., 1., 0., 0., 0., 0.],
        [0., 0., 1., 0., 0., 0., 0.],
        [0., 1., 0., 0., 0., 0., 0.],
        [0., 0., 1., 0., 0., 0., 0.],
        [0., 0., 1., 0., 0., 0., 0.]])
====================
data.edge_index:
tensor([[ 0,  0,  1,  1,  2,  2,  3,  3,  3,  4,  4,  4,  5,  5,  6,  6,  6,  7,
          7,  8,  8,  9,  9, 10, 10, 10, 11, 11, 11, 12, 12, 12, 13, 13, 13, 14,
         14, 14, 15, 15, 16, 16, 16, 17, 18, 19, 19, 19, 20, 21],
        [ 1,  5,  0,  2,  1,  3,  2,  4, 12,  3,  5,  6,  0,  4,  4,  7, 11,  6,
          8,  7,  9,  8, 10,  9, 11, 15,  6, 10, 12,  3, 11, 13, 12, 14, 19, 13,
         15, 16, 10, 14, 14, 17, 18, 16, 16, 13, 20, 21, 19, 19]])
====================
data.edge_attr:
:tensor([[1., 0., 0., 0.],
        [1., 0., 0., 0.],
        [1., 0., 0., 0.],
        [1., 0., 0., 0.],
        [1., 0., 0., 0.],
        [1., 0., 0., 0.],
        [1., 0., 0., 0.],
        [1., 0., 0., 0.],
        [0., 1., 0., 0.],
        [1., 0., 0., 0.],
        [1., 0., 0., 0.],
        [0., 1., 0., 0.],
        [1., 0., 0., 0.],
        [1., 0., 0., 0.],
        [0., 1., 0., 0.],
        [1., 0., 0., 0.],
        [1., 0., 0., 0.],
        [1., 0., 0., 0.],
        [1., 0., 0., 0.],
        [1., 0., 0., 0.],
        [1., 0., 0., 0.],
        [1., 0., 0., 0.],
        [1., 0., 0., 0.],
        [1., 0., 0., 0.],
        [1., 0., 0., 0.],
        [1., 0., 0., 0.],
        [1., 0., 0., 0.],
        [1., 0., 0., 0.],
        [1., 0., 0., 0.],
        [0., 1., 0., 0.],
        [1., 0., 0., 0.],
        [1., 0., 0., 0.],
        [1., 0., 0., 0.],
        [1., 0., 0., 0.],
        [0., 1., 0., 0.],
        [1., 0., 0., 0.],
        [1., 0., 0., 0.],
        [0., 1., 0., 0.],
        [1., 0., 0., 0.],
        [1., 0., 0., 0.],
        [0., 1., 0., 0.],
        [0., 0., 1., 0.],
        [0., 1., 0., 0.],
        [0., 0., 1., 0.],
        [0., 1., 0., 0.],
        [0., 1., 0., 0.],
        [0., 0., 1., 0.],
        [0., 1., 0., 0.],
        [0., 0., 1., 0.],
        [0., 1., 0., 0.]])
====================
data.y:
tensor([1])

========================================
========================================
====================
data:
Data(edge_index=[2, 60], x=[26, 7], edge_attr=[60, 4], y=[1])
====================
data.x:
tensor([[1., 0., 0., 0., 0., 0., 0.],
        [1., 0., 0., 0., 0., 0., 0.],
        [1., 0., 0., 0., 0., 0., 0.],
        [1., 0., 0., 0., 0., 0., 0.],
        [1., 0., 0., 0., 0., 0., 0.],
        [1., 0., 0., 0., 0., 0., 0.],
        [1., 0., 0., 0., 0., 0., 0.],
        [1., 0., 0., 0., 0., 0., 0.],
        [1., 0., 0., 0., 0., 0., 0.],
        [1., 0., 0., 0., 0., 0., 0.],
        [1., 0., 0., 0., 0., 0., 0.],
        [1., 0., 0., 0., 0., 0., 0.],
        [1., 0., 0., 0., 0., 0., 0.],
        [1., 0., 0., 0., 0., 0., 0.],
        [1., 0., 0., 0., 0., 0., 0.],
        [1., 0., 0., 0., 0., 0., 0.],
        [1., 0., 0., 0., 0., 0., 0.],
        [1., 0., 0., 0., 0., 0., 0.],
        [1., 0., 0., 0., 0., 0., 0.],
        [1., 0., 0., 0., 0., 0., 0.],
        [0., 1., 0., 0., 0., 0., 0.],
        [0., 0., 1., 0., 0., 0., 0.],
        [0., 0., 1., 0., 0., 0., 0.],
        [0., 1., 0., 0., 0., 0., 0.],
        [0., 0., 1., 0., 0., 0., 0.],
        [0., 0., 1., 0., 0., 0., 0.]])
====================
data.edge_index:
tensor([[ 0,  0,  1,  1,  2,  2,  2,  3,  3,  4,  4,  5,  5,  5,  6,  6,  6,  7,
          7,  7,  8,  8,  8,  9,  9,  9, 10, 10, 11, 11, 12, 12, 12, 13, 13, 13,
         14, 14, 14, 15, 15, 15, 16, 16, 17, 17, 18, 18, 19, 19, 20, 20, 20, 21,
         22, 23, 23, 23, 24, 25],
        [ 1,  9,  0,  2,  1,  3,  7,  2,  4,  3,  5,  4,  6, 23,  5,  7, 15,  2,
          6,  8,  7,  9, 13,  0,  8, 10,  9, 11, 10, 12, 11, 13, 20,  8, 12, 14,
         13, 15, 19,  6, 14, 16, 15, 17, 16, 18, 17, 19, 14, 18, 12, 21, 22, 20,
         20,  5, 24, 25, 23, 23]])
====================
data.edge_attr:
:tensor([[1., 0., 0., 0.],
        [1., 0., 0., 0.],
        [1., 0., 0., 0.],
        [1., 0., 0., 0.],
        [1., 0., 0., 0.],
        [1., 0., 0., 0.],
        [1., 0., 0., 0.],
        [1., 0., 0., 0.],
        [1., 0., 0., 0.],
        [1., 0., 0., 0.],
        [1., 0., 0., 0.],
        [1., 0., 0., 0.],
        [1., 0., 0., 0.],
        [0., 1., 0., 0.],
        [1., 0., 0., 0.],
        [1., 0., 0., 0.],
        [1., 0., 0., 0.],
        [1., 0., 0., 0.],
        [1., 0., 0., 0.],
        [1., 0., 0., 0.],
        [1., 0., 0., 0.],
        [1., 0., 0., 0.],
        [1., 0., 0., 0.],
        [1., 0., 0., 0.],
        [1., 0., 0., 0.],
        [1., 0., 0., 0.],
        [1., 0., 0., 0.],
        [1., 0., 0., 0.],
        [1., 0., 0., 0.],
        [1., 0., 0., 0.],
        [1., 0., 0., 0.],
        [1., 0., 0., 0.],
        [0., 1., 0., 0.],
        [1., 0., 0., 0.],
        [1., 0., 0., 0.],
        [1., 0., 0., 0.],
        [1., 0., 0., 0.],
        [1., 0., 0., 0.],
        [0., 1., 0., 0.],
        [1., 0., 0., 0.],
        [1., 0., 0., 0.],
        [0., 1., 0., 0.],
        [0., 1., 0., 0.],
        [0., 1., 0., 0.],
        [0., 1., 0., 0.],
        [0., 1., 0., 0.],
        [0., 1., 0., 0.],
        [0., 1., 0., 0.],
        [0., 1., 0., 0.],
        [0., 1., 0., 0.],
        [0., 1., 0., 0.],
        [0., 0., 1., 0.],
        [0., 1., 0., 0.],
        [0., 0., 1., 0.],
        [0., 1., 0., 0.],
        [0., 1., 0., 0.],
        [0., 0., 1., 0.],
        [0., 1., 0., 0.],
        [0., 0., 1., 0.],
        [0., 1., 0., 0.]])
====================
data.y:
tensor([1])

========================================
========================================
====================
data:
Data(edge_index=[2, 34], x=[15, 7], edge_attr=[34, 4], y=[1])
====================
data.x:
tensor([[1., 0., 0., 0., 0., 0., 0.],
        [1., 0., 0., 0., 0., 0., 0.],
        [1., 0., 0., 0., 0., 0., 0.],
        [1., 0., 0., 0., 0., 0., 0.],
        [1., 0., 0., 0., 0., 0., 0.],
        [1., 0., 0., 0., 0., 0., 0.],
        [1., 0., 0., 0., 0., 0., 0.],
        [1., 0., 0., 0., 0., 0., 0.],
        [1., 0., 0., 0., 0., 0., 0.],
        [1., 0., 0., 0., 0., 0., 0.],
        [1., 0., 0., 0., 0., 0., 0.],
        [1., 0., 0., 0., 0., 0., 0.],
        [0., 1., 0., 0., 0., 0., 0.],
        [0., 0., 1., 0., 0., 0., 0.],
        [0., 0., 1., 0., 0., 0., 0.]])
====================
data.edge_index:
tensor([[ 0,  0,  1,  1,  2,  2,  2,  3,  3,  4,  4,  5,  5,  6,  6,  6,  7,  7,
          7,  8,  8,  8,  9,  9, 10, 10, 11, 11, 11, 12, 12, 12, 13, 14],
        [ 1,  9,  0,  2,  1,  3,  7,  2,  4,  3,  5,  4,  6,  5,  7, 11,  2,  6,
          8,  7,  9, 10,  0,  8,  8, 11,  6, 10, 12, 11, 13, 14, 12, 12]])
====================
data.edge_attr:
:tensor([[1., 0., 0., 0.],
        [1., 0., 0., 0.],
        [1., 0., 0., 0.],
        [1., 0., 0., 0.],
        [1., 0., 0., 0.],
        [1., 0., 0., 0.],
        [1., 0., 0., 0.],
        [1., 0., 0., 0.],
        [1., 0., 0., 0.],
        [1., 0., 0., 0.],
        [1., 0., 0., 0.],
        [1., 0., 0., 0.],
        [1., 0., 0., 0.],
        [1., 0., 0., 0.],
        [1., 0., 0., 0.],
        [0., 1., 0., 0.],
        [1., 0., 0., 0.],
        [1., 0., 0., 0.],
        [1., 0., 0., 0.],
        [1., 0., 0., 0.],
        [1., 0., 0., 0.],
        [0., 1., 0., 0.],
        [1., 0., 0., 0.],
        [1., 0., 0., 0.],
        [0., 1., 0., 0.],
        [0., 0., 1., 0.],
        [0., 1., 0., 0.],
        [0., 0., 1., 0.],
        [0., 1., 0., 0.],
        [0., 1., 0., 0.],
        [0., 0., 1., 0.],
        [0., 1., 0., 0.],
        [0., 0., 1., 0.],
        [0., 1., 0., 0.]])
====================
data.y:
tensor([1])

========================================
========================================
====================
data:
Data(edge_index=[2, 38], x=[17, 7], edge_attr=[38, 4], y=[1])
====================
data.x:
tensor([[1., 0., 0., 0., 0., 0., 0.],
        [1., 0., 0., 0., 0., 0., 0.],
        [1., 0., 0., 0., 0., 0., 0.],
        [1., 0., 0., 0., 0., 0., 0.],
        [1., 0., 0., 0., 0., 0., 0.],
        [1., 0., 0., 0., 0., 0., 0.],
        [1., 0., 0., 0., 0., 0., 0.],
        [1., 0., 0., 0., 0., 0., 0.],
        [1., 0., 0., 0., 0., 0., 0.],
        [1., 0., 0., 0., 0., 0., 0.],
        [1., 0., 0., 0., 0., 0., 0.],
        [1., 0., 0., 0., 0., 0., 0.],
        [1., 0., 0., 0., 0., 0., 0.],
        [1., 0., 0., 0., 0., 0., 0.],
        [0., 1., 0., 0., 0., 0., 0.],
        [0., 0., 1., 0., 0., 0., 0.],
        [0., 0., 1., 0., 0., 0., 0.]])
====================
data.edge_index:
tensor([[ 0,  0,  1,  1,  2,  2,  3,  3,  3,  4,  4,  4,  5,  5,  6,  6,  7,  7,
          8,  8,  8,  9,  9,  9, 10, 10, 11, 11, 12, 12, 12, 13, 13, 14, 14, 14,
         15, 16],
        [ 1,  5,  0,  2,  1,  3,  2,  4,  9,  3,  5,  6,  0,  4,  4,  7,  6,  8,
          7,  9, 13,  3,  8, 10,  9, 11, 10, 12, 11, 13, 14,  8, 12, 12, 15, 16,
         14, 14]])
====================
data.edge_attr:
:tensor([[1., 0., 0., 0.],
        [1., 0., 0., 0.],
        [1., 0., 0., 0.],
        [1., 0., 0., 0.],
        [1., 0., 0., 0.],
        [1., 0., 0., 0.],
        [1., 0., 0., 0.],
        [1., 0., 0., 0.],
        [1., 0., 0., 0.],
        [1., 0., 0., 0.],
        [1., 0., 0., 0.],
        [1., 0., 0., 0.],
        [1., 0., 0., 0.],
        [1., 0., 0., 0.],
        [1., 0., 0., 0.],
        [1., 0., 0., 0.],
        [1., 0., 0., 0.],
        [1., 0., 0., 0.],
        [1., 0., 0., 0.],
        [1., 0., 0., 0.],
        [1., 0., 0., 0.],
        [1., 0., 0., 0.],
        [1., 0., 0., 0.],
        [1., 0., 0., 0.],
        [1., 0., 0., 0.],
        [1., 0., 0., 0.],
        [1., 0., 0., 0.],
        [1., 0., 0., 0.],
        [1., 0., 0., 0.],
        [1., 0., 0., 0.],
        [0., 1., 0., 0.],
        [1., 0., 0., 0.],
        [1., 0., 0., 0.],
        [0., 1., 0., 0.],
        [0., 0., 1., 0.],
        [0., 1., 0., 0.],
        [0., 0., 1., 0.],
        [0., 1., 0., 0.]])
====================
data.y:
tensor([1])

========================================
========================================
====================
data:
Data(edge_index=[2, 28], x=[13, 7], edge_attr=[28, 4], y=[1])
====================
data.x:
tensor([[1., 0., 0., 0., 0., 0., 0.],
        [1., 0., 0., 0., 0., 0., 0.],
        [1., 0., 0., 0., 0., 0., 0.],
        [1., 0., 0., 0., 0., 0., 0.],
        [1., 0., 0., 0., 0., 0., 0.],
        [1., 0., 0., 0., 0., 0., 0.],
        [1., 0., 0., 0., 0., 0., 0.],
        [0., 1., 0., 0., 0., 0., 0.],
        [1., 0., 0., 0., 0., 0., 0.],
        [1., 0., 0., 0., 0., 0., 0.],
        [0., 1., 0., 0., 0., 0., 0.],
        [0., 0., 1., 0., 0., 0., 0.],
        [0., 0., 1., 0., 0., 0., 0.]])
====================
data.edge_index:
tensor([[ 0,  0,  1,  1,  2,  2,  2,  3,  3,  3,  4,  4,  5,  5,  6,  6,  7,  7,
          8,  8,  8,  9,  9, 10, 10, 10, 11, 12],
        [ 1,  9,  0,  2,  1,  3,  7,  2,  4,  8,  3,  5,  4,  6,  5,  7,  2,  6,
          3,  9, 10,  0,  8,  8, 11, 12, 10, 10]])
====================
data.edge_attr:
:tensor([[1., 0., 0., 0.],
        [1., 0., 0., 0.],
        [1., 0., 0., 0.],
        [1., 0., 0., 0.],
        [1., 0., 0., 0.],
        [1., 0., 0., 0.],
        [1., 0., 0., 0.],
        [1., 0., 0., 0.],
        [1., 0., 0., 0.],
        [1., 0., 0., 0.],
        [1., 0., 0., 0.],
        [1., 0., 0., 0.],
        [1., 0., 0., 0.],
        [1., 0., 0., 0.],
        [1., 0., 0., 0.],
        [1., 0., 0., 0.],
        [1., 0., 0., 0.],
        [1., 0., 0., 0.],
        [1., 0., 0., 0.],
        [1., 0., 0., 0.],
        [0., 1., 0., 0.],
        [1., 0., 0., 0.],
        [1., 0., 0., 0.],
        [0., 1., 0., 0.],
        [0., 0., 1., 0.],
        [0., 1., 0., 0.],
        [0., 0., 1., 0.],
        [0., 1., 0., 0.]])
====================
data.y:
tensor([0])

========================================
========================================
====================
data:
Data(edge_index=[2, 44], x=[21, 7], edge_attr=[44, 4], y=[1])
====================
data.x:
tensor([[1., 0., 0., 0., 0., 0., 0.],
        [1., 0., 0., 0., 0., 0., 0.],
        [1., 0., 0., 0., 0., 0., 0.],
        [1., 0., 0., 0., 0., 0., 0.],
        [1., 0., 0., 0., 0., 0., 0.],
        [1., 0., 0., 0., 0., 0., 0.],
        [1., 0., 0., 0., 0., 0., 0.],
        [1., 0., 0., 0., 0., 0., 0.],
        [1., 0., 0., 0., 0., 0., 0.],
        [1., 0., 0., 0., 0., 0., 0.],
        [1., 0., 0., 0., 0., 0., 0.],
        [1., 0., 0., 0., 0., 0., 0.],
        [0., 1., 0., 0., 0., 0., 0.],
        [0., 0., 1., 0., 0., 0., 0.],
        [0., 0., 1., 0., 0., 0., 0.],
        [0., 1., 0., 0., 0., 0., 0.],
        [0., 0., 1., 0., 0., 0., 0.],
        [0., 0., 1., 0., 0., 0., 0.],
        [0., 1., 0., 0., 0., 0., 0.],
        [0., 0., 1., 0., 0., 0., 0.],
        [0., 0., 1., 0., 0., 0., 0.]])
====================
data.edge_index:
tensor([[ 0,  0,  1,  1,  2,  2,  2,  3,  3,  4,  4,  5,  5,  5,  6,  6,  6,  7,
          7,  8,  8,  9,  9,  9, 10, 10, 10, 11, 11, 12, 12, 12, 13, 14, 15, 15,
         15, 16, 17, 18, 18, 18, 19, 20],
        [ 1,  5,  0,  2,  1,  3, 18,  2,  4,  3,  5,  0,  4,  6,  5,  7, 11,  6,
          8,  7,  9,  8, 10, 15,  9, 11, 12,  6, 10, 10, 13, 14, 12, 12,  9, 16,
         17, 15, 15,  2, 19, 20, 18, 18]])
====================
data.edge_attr:
:tensor([[1., 0., 0., 0.],
        [1., 0., 0., 0.],
        [1., 0., 0., 0.],
        [1., 0., 0., 0.],
        [1., 0., 0., 0.],
        [1., 0., 0., 0.],
        [0., 1., 0., 0.],
        [1., 0., 0., 0.],
        [1., 0., 0., 0.],
        [1., 0., 0., 0.],
        [1., 0., 0., 0.],
        [1., 0., 0., 0.],
        [1., 0., 0., 0.],
        [0., 1., 0., 0.],
        [0., 1., 0., 0.],
        [1., 0., 0., 0.],
        [1., 0., 0., 0.],
        [1., 0., 0., 0.],
        [1., 0., 0., 0.],
        [1., 0., 0., 0.],
        [1., 0., 0., 0.],
        [1., 0., 0., 0.],
        [1., 0., 0., 0.],
        [0., 1., 0., 0.],
        [1., 0., 0., 0.],
        [1., 0., 0., 0.],
        [0., 1., 0., 0.],
        [1., 0., 0., 0.],
        [1., 0., 0., 0.],
        [0., 1., 0., 0.],
        [0., 0., 1., 0.],
        [0., 1., 0., 0.],
        [0., 0., 1., 0.],
        [0., 1., 0., 0.],
        [0., 1., 0., 0.],
        [0., 0., 1., 0.],
        [0., 1., 0., 0.],
        [0., 0., 1., 0.],
        [0., 1., 0., 0.],
        [0., 1., 0., 0.],
        [0., 0., 1., 0.],
        [0., 1., 0., 0.],
        [0., 0., 1., 0.],
        [0., 1., 0., 0.]])
====================
data.y:
tensor([1])

========================================
========================================
====================
data:
Data(edge_index=[2, 44], x=[19, 7], edge_attr=[44, 4], y=[1])
====================
data.x:
tensor([[1., 0., 0., 0., 0., 0., 0.],
        [1., 0., 0., 0., 0., 0., 0.],
        [1., 0., 0., 0., 0., 0., 0.],
        [1., 0., 0., 0., 0., 0., 0.],
        [1., 0., 0., 0., 0., 0., 0.],
        [1., 0., 0., 0., 0., 0., 0.],
        [1., 0., 0., 0., 0., 0., 0.],
        [1., 0., 0., 0., 0., 0., 0.],
        [1., 0., 0., 0., 0., 0., 0.],
        [1., 0., 0., 0., 0., 0., 0.],
        [1., 0., 0., 0., 0., 0., 0.],
        [1., 0., 0., 0., 0., 0., 0.],
        [1., 0., 0., 0., 0., 0., 0.],
        [1., 0., 0., 0., 0., 0., 0.],
        [1., 0., 0., 0., 0., 0., 0.],
        [1., 0., 0., 0., 0., 0., 0.],
        [0., 1., 0., 0., 0., 0., 0.],
        [0., 0., 1., 0., 0., 0., 0.],
        [0., 0., 1., 0., 0., 0., 0.]])
====================
data.edge_index:
tensor([[ 0,  0,  1,  1,  2,  2,  2,  3,  3,  4,  4,  5,  5,  6,  6,  6,  7,  7,
          7,  8,  8,  8,  9,  9, 10, 10, 10, 11, 11, 11, 12, 12, 12, 13, 13, 14,
         14, 15, 15, 16, 16, 16, 17, 18],
        [ 1,  9,  0,  2,  1,  3,  7,  2,  4,  3,  5,  4,  6,  5,  7, 11,  2,  6,
          8,  7,  9, 10,  0,  8,  8, 11, 15,  6, 10, 12, 11, 13, 16, 12, 14, 13,
         15, 10, 14, 12, 17, 18, 16, 16]])
====================
data.edge_attr:
:tensor([[1., 0., 0., 0.],
        [1., 0., 0., 0.],
        [1., 0., 0., 0.],
        [1., 0., 0., 0.],
        [1., 0., 0., 0.],
        [1., 0., 0., 0.],
        [1., 0., 0., 0.],
        [1., 0., 0., 0.],
        [1., 0., 0., 0.],
        [1., 0., 0., 0.],
        [1., 0., 0., 0.],
        [1., 0., 0., 0.],
        [1., 0., 0., 0.],
        [1., 0., 0., 0.],
        [1., 0., 0., 0.],
        [0., 1., 0., 0.],
        [1., 0., 0., 0.],
        [1., 0., 0., 0.],
        [1., 0., 0., 0.],
        [1., 0., 0., 0.],
        [1., 0., 0., 0.],
        [0., 1., 0., 0.],
        [1., 0., 0., 0.],
        [1., 0., 0., 0.],
        [0., 1., 0., 0.],
        [1., 0., 0., 0.],
        [1., 0., 0., 0.],
        [0., 1., 0., 0.],
        [1., 0., 0., 0.],
        [1., 0., 0., 0.],
        [1., 0., 0., 0.],
        [1., 0., 0., 0.],
        [0., 1., 0., 0.],
        [1., 0., 0., 0.],
        [1., 0., 0., 0.],
        [1., 0., 0., 0.],
        [1., 0., 0., 0.],
        [1., 0., 0., 0.],
        [1., 0., 0., 0.],
        [0., 1., 0., 0.],
        [0., 0., 1., 0.],
        [0., 1., 0., 0.],
        [0., 0., 1., 0.],
        [0., 1., 0., 0.]])
====================
data.y:
tensor([1])

========================================
========================================
====================
data:
Data(edge_index=[2, 40], x=[19, 7], edge_attr=[40, 4], y=[1])
====================
data.x:
tensor([[1., 0., 0., 0., 0., 0., 0.],
        [1., 0., 0., 0., 0., 0., 0.],
        [1., 0., 0., 0., 0., 0., 0.],
        [1., 0., 0., 0., 0., 0., 0.],
        [1., 0., 0., 0., 0., 0., 0.],
        [1., 0., 0., 0., 0., 0., 0.],
        [1., 0., 0., 0., 0., 0., 0.],
        [1., 0., 0., 0., 0., 0., 0.],
        [1., 0., 0., 0., 0., 0., 0.],
        [1., 0., 0., 0., 0., 0., 0.],
        [0., 1., 0., 0., 0., 0., 0.],
        [0., 0., 1., 0., 0., 0., 0.],
        [0., 0., 1., 0., 0., 0., 0.],
        [0., 1., 0., 0., 0., 0., 0.],
        [0., 0., 1., 0., 0., 0., 0.],
        [0., 0., 1., 0., 0., 0., 0.],
        [0., 1., 0., 0., 0., 0., 0.],
        [0., 0., 1., 0., 0., 0., 0.],
        [0., 0., 1., 0., 0., 0., 0.]])
====================
data.edge_index:
tensor([[ 0,  0,  1,  1,  2,  2,  2,  3,  3,  4,  4,  4,  5,  5,  6,  6,  6,  7,
          7,  7,  8,  8,  8,  9,  9, 10, 10, 10, 11, 12, 13, 13, 13, 14, 15, 16,
         16, 16, 17, 18],
        [ 1,  9,  0,  2,  1,  3,  7,  2,  4,  3,  5, 16,  4,  6,  5,  7, 13,  2,
          6,  8,  7,  9, 10,  0,  8,  8, 11, 12, 10, 10,  6, 14, 15, 13, 13,  4,
         17, 18, 16, 16]])
====================
data.edge_attr:
:tensor([[1., 0., 0., 0.],
        [1., 0., 0., 0.],
        [1., 0., 0., 0.],
        [1., 0., 0., 0.],
        [1., 0., 0., 0.],
        [1., 0., 0., 0.],
        [1., 0., 0., 0.],
        [1., 0., 0., 0.],
        [1., 0., 0., 0.],
        [1., 0., 0., 0.],
        [1., 0., 0., 0.],
        [0., 1., 0., 0.],
        [1., 0., 0., 0.],
        [1., 0., 0., 0.],
        [1., 0., 0., 0.],
        [1., 0., 0., 0.],
        [0., 1., 0., 0.],
        [1., 0., 0., 0.],
        [1., 0., 0., 0.],
        [1., 0., 0., 0.],
        [1., 0., 0., 0.],
        [1., 0., 0., 0.],
        [0., 1., 0., 0.],
        [1., 0., 0., 0.],
        [1., 0., 0., 0.],
        [0., 1., 0., 0.],
        [0., 0., 1., 0.],
        [0., 1., 0., 0.],
        [0., 0., 1., 0.],
        [0., 1., 0., 0.],
        [0., 1., 0., 0.],
        [0., 0., 1., 0.],
        [0., 1., 0., 0.],
        [0., 0., 1., 0.],
        [0., 1., 0., 0.],
        [0., 1., 0., 0.],
        [0., 0., 1., 0.],
        [0., 1., 0., 0.],
        [0., 0., 1., 0.],
        [0., 1., 0., 0.]])
====================
data.y:
tensor([1])

========================================
========================================
====================
data:
Data(edge_index=[2, 38], x=[17, 7], edge_attr=[38, 4], y=[1])
====================
data.x:
tensor([[1., 0., 0., 0., 0., 0., 0.],
        [1., 0., 0., 0., 0., 0., 0.],
        [1., 0., 0., 0., 0., 0., 0.],
        [1., 0., 0., 0., 0., 0., 0.],
        [1., 0., 0., 0., 0., 0., 0.],
        [1., 0., 0., 0., 0., 0., 0.],
        [0., 1., 0., 0., 0., 0., 0.],
        [0., 0., 1., 0., 0., 0., 0.],
        [0., 0., 1., 0., 0., 0., 0.],
        [1., 0., 0., 0., 0., 0., 0.],
        [1., 0., 0., 0., 0., 0., 0.],
        [1., 0., 0., 0., 0., 0., 0.],
        [1., 0., 0., 0., 0., 0., 0.],
        [1., 0., 0., 0., 0., 0., 0.],
        [1., 0., 0., 0., 0., 0., 0.],
        [1., 0., 0., 0., 0., 0., 0.],
        [0., 0., 0., 0., 1., 0., 0.]])
====================
data.edge_index:
tensor([[ 0,  0,  1,  1,  2,  2,  2,  3,  3,  3,  4,  4,  5,  5,  5,  6,  6,  6,
          7,  8,  9,  9, 10, 10, 10, 11, 11, 11, 12, 12, 13, 13, 14, 14, 14, 15,
         15, 16],
        [ 1,  5,  0,  2,  1,  3, 11,  2,  4,  9,  3,  5,  0,  4,  6,  5,  7,  8,
          6,  6,  3, 10,  9, 11, 15,  2, 10, 12, 11, 13, 12, 14, 13, 15, 16, 10,
         14, 14]])
====================
data.edge_attr:
:tensor([[1., 0., 0., 0.],
        [1., 0., 0., 0.],
        [1., 0., 0., 0.],
        [1., 0., 0., 0.],
        [1., 0., 0., 0.],
        [1., 0., 0., 0.],
        [0., 1., 0., 0.],
        [1., 0., 0., 0.],
        [1., 0., 0., 0.],
        [0., 1., 0., 0.],
        [1., 0., 0., 0.],
        [1., 0., 0., 0.],
        [1., 0., 0., 0.],
        [1., 0., 0., 0.],
        [0., 1., 0., 0.],
        [0., 1., 0., 0.],
        [0., 0., 1., 0.],
        [0., 1., 0., 0.],
        [0., 0., 1., 0.],
        [0., 1., 0., 0.],
        [0., 1., 0., 0.],
        [0., 1., 0., 0.],
        [0., 1., 0., 0.],
        [1., 0., 0., 0.],
        [1., 0., 0., 0.],
        [0., 1., 0., 0.],
        [1., 0., 0., 0.],
        [1., 0., 0., 0.],
        [1., 0., 0., 0.],
        [1., 0., 0., 0.],
        [1., 0., 0., 0.],
        [1., 0., 0., 0.],
        [1., 0., 0., 0.],
        [1., 0., 0., 0.],
        [0., 1., 0., 0.],
        [1., 0., 0., 0.],
        [1., 0., 0., 0.],
        [0., 1., 0., 0.]])
====================
data.y:
tensor([1])

========================================
========================================
====================
data:
Data(edge_index=[2, 56], x=[25, 7], edge_attr=[56, 4], y=[1])
====================
data.x:
tensor([[1., 0., 0., 0., 0., 0., 0.],
        [1., 0., 0., 0., 0., 0., 0.],
        [1., 0., 0., 0., 0., 0., 0.],
        [1., 0., 0., 0., 0., 0., 0.],
        [1., 0., 0., 0., 0., 0., 0.],
        [1., 0., 0., 0., 0., 0., 0.],
        [1., 0., 0., 0., 0., 0., 0.],
        [1., 0., 0., 0., 0., 0., 0.],
        [1., 0., 0., 0., 0., 0., 0.],
        [1., 0., 0., 0., 0., 0., 0.],
        [1., 0., 0., 0., 0., 0., 0.],
        [1., 0., 0., 0., 0., 0., 0.],
        [1., 0., 0., 0., 0., 0., 0.],
        [1., 0., 0., 0., 0., 0., 0.],
        [1., 0., 0., 0., 0., 0., 0.],
        [1., 0., 0., 0., 0., 0., 0.],
        [0., 1., 0., 0., 0., 0., 0.],
        [0., 0., 1., 0., 0., 0., 0.],
        [0., 0., 1., 0., 0., 0., 0.],
        [0., 1., 0., 0., 0., 0., 0.],
        [0., 0., 1., 0., 0., 0., 0.],
        [0., 0., 1., 0., 0., 0., 0.],
        [0., 1., 0., 0., 0., 0., 0.],
        [0., 0., 1., 0., 0., 0., 0.],
        [0., 0., 1., 0., 0., 0., 0.]])
====================
data.edge_index:
tensor([[ 0,  0,  1,  1,  2,  2,  2,  3,  3,  3,  4,  4,  5,  5,  5,  6,  6,  6,
          7,  7,  7,  8,  8,  8,  9,  9,  9, 10, 10, 11, 11, 12, 12, 12, 13, 13,
         13, 14, 14, 15, 15, 16, 16, 16, 17, 18, 19, 19, 19, 20, 21, 22, 22, 22,
         23, 24],
        [ 1,  9,  0,  2,  1,  3,  7,  2,  4, 22,  3,  5,  4,  6, 19,  5,  7, 15,
          2,  6,  8,  7,  9, 13,  0,  8, 10,  9, 11, 10, 12, 11, 13, 16,  8, 12,
         14, 13, 15,  6, 14, 12, 17, 18, 16, 16,  5, 20, 21, 19, 19,  3, 23, 24,
         22, 22]])
====================
data.edge_attr:
:tensor([[1., 0., 0., 0.],
        [1., 0., 0., 0.],
        [1., 0., 0., 0.],
        [1., 0., 0., 0.],
        [1., 0., 0., 0.],
        [1., 0., 0., 0.],
        [1., 0., 0., 0.],
        [1., 0., 0., 0.],
        [1., 0., 0., 0.],
        [0., 1., 0., 0.],
        [1., 0., 0., 0.],
        [1., 0., 0., 0.],
        [1., 0., 0., 0.],
        [1., 0., 0., 0.],
        [0., 1., 0., 0.],
        [1., 0., 0., 0.],
        [1., 0., 0., 0.],
        [1., 0., 0., 0.],
        [1., 0., 0., 0.],
        [1., 0., 0., 0.],
        [1., 0., 0., 0.],
        [1., 0., 0., 0.],
        [1., 0., 0., 0.],
        [1., 0., 0., 0.],
        [1., 0., 0., 0.],
        [1., 0., 0., 0.],
        [1., 0., 0., 0.],
        [1., 0., 0., 0.],
        [1., 0., 0., 0.],
        [1., 0., 0., 0.],
        [1., 0., 0., 0.],
        [1., 0., 0., 0.],
        [1., 0., 0., 0.],
        [0., 1., 0., 0.],
        [1., 0., 0., 0.],
        [1., 0., 0., 0.],
        [1., 0., 0., 0.],
        [1., 0., 0., 0.],
        [1., 0., 0., 0.],
        [1., 0., 0., 0.],
        [1., 0., 0., 0.],
        [0., 1., 0., 0.],
        [0., 0., 1., 0.],
        [0., 1., 0., 0.],
        [0., 0., 1., 0.],
        [0., 1., 0., 0.],
        [0., 1., 0., 0.],
        [0., 0., 1., 0.],
        [0., 1., 0., 0.],
        [0., 0., 1., 0.],
        [0., 1., 0., 0.],
        [0., 1., 0., 0.],
        [0., 0., 1., 0.],
        [0., 1., 0., 0.],
        [0., 0., 1., 0.],
        [0., 1., 0., 0.]])
====================
data.y:
tensor([1])

========================================
========================================
====================
data:
Data(edge_index=[2, 48], x=[21, 7], edge_attr=[48, 4], y=[1])
====================
data.x:
tensor([[1., 0., 0., 0., 0., 0., 0.],
        [1., 0., 0., 0., 0., 0., 0.],
        [1., 0., 0., 0., 0., 0., 0.],
        [1., 0., 0., 0., 0., 0., 0.],
        [1., 0., 0., 0., 0., 0., 0.],
        [1., 0., 0., 0., 0., 0., 0.],
        [1., 0., 0., 0., 0., 0., 0.],
        [1., 0., 0., 0., 0., 0., 0.],
        [1., 0., 0., 0., 0., 0., 0.],
        [1., 0., 0., 0., 0., 0., 0.],
        [1., 0., 0., 0., 0., 0., 0.],
        [1., 0., 0., 0., 0., 0., 0.],
        [1., 0., 0., 0., 0., 0., 0.],
        [1., 0., 0., 0., 0., 0., 0.],
        [1., 0., 0., 0., 0., 0., 0.],
        [1., 0., 0., 0., 0., 0., 0.],
        [1., 0., 0., 0., 0., 0., 0.],
        [1., 0., 0., 0., 0., 0., 0.],
        [0., 1., 0., 0., 0., 0., 0.],
        [0., 0., 1., 0., 0., 0., 0.],
        [0., 0., 1., 0., 0., 0., 0.]])
====================
data.edge_index:
tensor([[ 0,  0,  1,  1,  2,  2,  3,  3,  3,  4,  4,  4,  5,  5,  6,  6,  6,  7,
          7,  8,  8,  9,  9, 10, 10, 11, 11, 11, 12, 12, 12, 13, 13, 13, 14, 14,
         15, 15, 16, 16, 16, 17, 17, 18, 18, 18, 19, 20],
        [ 1,  5,  0,  2,  1,  3,  2,  4, 13,  3,  5,  6,  0,  4,  4,  7, 11,  6,
          8,  7,  9,  8, 10,  9, 11,  6, 10, 12, 11, 13, 17,  3, 12, 14, 13, 15,
         14, 16, 15, 17, 18, 12, 16, 16, 19, 20, 18, 18]])
====================
data.edge_attr:
:tensor([[1., 0., 0., 0.],
        [1., 0., 0., 0.],
        [1., 0., 0., 0.],
        [1., 0., 0., 0.],
        [1., 0., 0., 0.],
        [1., 0., 0., 0.],
        [1., 0., 0., 0.],
        [1., 0., 0., 0.],
        [1., 0., 0., 0.],
        [1., 0., 0., 0.],
        [1., 0., 0., 0.],
        [1., 0., 0., 0.],
        [1., 0., 0., 0.],
        [1., 0., 0., 0.],
        [1., 0., 0., 0.],
        [1., 0., 0., 0.],
        [1., 0., 0., 0.],
        [1., 0., 0., 0.],
        [1., 0., 0., 0.],
        [1., 0., 0., 0.],
        [1., 0., 0., 0.],
        [1., 0., 0., 0.],
        [1., 0., 0., 0.],
        [1., 0., 0., 0.],
        [1., 0., 0., 0.],
        [1., 0., 0., 0.],
        [1., 0., 0., 0.],
        [1., 0., 0., 0.],
        [1., 0., 0., 0.],
        [1., 0., 0., 0.],
        [1., 0., 0., 0.],
        [1., 0., 0., 0.],
        [1., 0., 0., 0.],
        [1., 0., 0., 0.],
        [1., 0., 0., 0.],
        [1., 0., 0., 0.],
        [1., 0., 0., 0.],
        [1., 0., 0., 0.],
        [1., 0., 0., 0.],
        [1., 0., 0., 0.],
        [0., 1., 0., 0.],
        [1., 0., 0., 0.],
        [1., 0., 0., 0.],
        [0., 1., 0., 0.],
        [0., 0., 1., 0.],
        [0., 1., 0., 0.],
        [0., 0., 1., 0.],
        [0., 1., 0., 0.]])
====================
data.y:
tensor([1])

========================================
========================================
====================
data:
Data(edge_index=[2, 46], x=[20, 7], edge_attr=[46, 4], y=[1])
====================
data.x:
tensor([[1., 0., 0., 0., 0., 0., 0.],
        [1., 0., 0., 0., 0., 0., 0.],
        [1., 0., 0., 0., 0., 0., 0.],
        [1., 0., 0., 0., 0., 0., 0.],
        [1., 0., 0., 0., 0., 0., 0.],
        [1., 0., 0., 0., 0., 0., 0.],
        [1., 0., 0., 0., 0., 0., 0.],
        [1., 0., 0., 0., 0., 0., 0.],
        [1., 0., 0., 0., 0., 0., 0.],
        [1., 0., 0., 0., 0., 0., 0.],
        [1., 0., 0., 0., 0., 0., 0.],
        [1., 0., 0., 0., 0., 0., 0.],
        [1., 0., 0., 0., 0., 0., 0.],
        [1., 0., 0., 0., 0., 0., 0.],
        [1., 0., 0., 0., 0., 0., 0.],
        [1., 0., 0., 0., 0., 0., 0.],
        [0., 0., 1., 0., 0., 0., 0.],
        [0., 1., 0., 0., 0., 0., 0.],
        [0., 0., 1., 0., 0., 0., 0.],
        [0., 0., 1., 0., 0., 0., 0.]])
====================
data.edge_index:
tensor([[ 0,  0,  1,  1,  2,  2,  2,  3,  3,  4,  4,  5,  5,  5,  6,  6,  6,  7,
          7,  8,  8,  8,  9,  9,  9, 10, 10, 10, 11, 11, 11, 12, 12, 12, 13, 13,
         14, 14, 15, 15, 16, 17, 17, 17, 18, 19],
        [ 1, 13,  0,  2,  1,  3, 11,  2,  4,  3,  5,  4,  6, 10,  5,  7, 17,  6,
          8,  7,  9, 16,  8, 10, 15,  5,  9, 11,  2, 10, 12, 11, 13, 14,  0, 12,
         12, 15,  9, 14,  8,  6, 18, 19, 17, 17]])
====================
data.edge_attr:
:tensor([[1., 0., 0., 0.],
        [1., 0., 0., 0.],
        [1., 0., 0., 0.],
        [1., 0., 0., 0.],
        [1., 0., 0., 0.],
        [1., 0., 0., 0.],
        [1., 0., 0., 0.],
        [1., 0., 0., 0.],
        [1., 0., 0., 0.],
        [1., 0., 0., 0.],
        [1., 0., 0., 0.],
        [1., 0., 0., 0.],
        [1., 0., 0., 0.],
        [1., 0., 0., 0.],
        [1., 0., 0., 0.],
        [1., 0., 0., 0.],
        [0., 1., 0., 0.],
        [1., 0., 0., 0.],
        [1., 0., 0., 0.],
        [1., 0., 0., 0.],
        [1., 0., 0., 0.],
        [0., 1., 0., 0.],
        [1., 0., 0., 0.],
        [1., 0., 0., 0.],
        [1., 0., 0., 0.],
        [1., 0., 0., 0.],
        [1., 0., 0., 0.],
        [1., 0., 0., 0.],
        [1., 0., 0., 0.],
        [1., 0., 0., 0.],
        [1., 0., 0., 0.],
        [1., 0., 0., 0.],
        [1., 0., 0., 0.],
        [1., 0., 0., 0.],
        [1., 0., 0., 0.],
        [1., 0., 0., 0.],
        [1., 0., 0., 0.],
        [1., 0., 0., 0.],
        [1., 0., 0., 0.],
        [1., 0., 0., 0.],
        [0., 1., 0., 0.],
        [0., 1., 0., 0.],
        [0., 0., 1., 0.],
        [0., 1., 0., 0.],
        [0., 0., 1., 0.],
        [0., 1., 0., 0.]])
====================
data.y:
tensor([1])

========================================
========================================
====================
data:
Data(edge_index=[2, 56], x=[25, 7], edge_attr=[56, 4], y=[1])
====================
data.x:
tensor([[1., 0., 0., 0., 0., 0., 0.],
        [1., 0., 0., 0., 0., 0., 0.],
        [1., 0., 0., 0., 0., 0., 0.],
        [1., 0., 0., 0., 0., 0., 0.],
        [1., 0., 0., 0., 0., 0., 0.],
        [1., 0., 0., 0., 0., 0., 0.],
        [1., 0., 0., 0., 0., 0., 0.],
        [1., 0., 0., 0., 0., 0., 0.],
        [1., 0., 0., 0., 0., 0., 0.],
        [1., 0., 0., 0., 0., 0., 0.],
        [1., 0., 0., 0., 0., 0., 0.],
        [1., 0., 0., 0., 0., 0., 0.],
        [1., 0., 0., 0., 0., 0., 0.],
        [1., 0., 0., 0., 0., 0., 0.],
        [1., 0., 0., 0., 0., 0., 0.],
        [1., 0., 0., 0., 0., 0., 0.],
        [0., 1., 0., 0., 0., 0., 0.],
        [0., 0., 1., 0., 0., 0., 0.],
        [0., 0., 1., 0., 0., 0., 0.],
        [0., 1., 0., 0., 0., 0., 0.],
        [0., 0., 1., 0., 0., 0., 0.],
        [0., 0., 1., 0., 0., 0., 0.],
        [0., 1., 0., 0., 0., 0., 0.],
        [0., 0., 1., 0., 0., 0., 0.],
        [0., 0., 1., 0., 0., 0., 0.]])
====================
data.edge_index:
tensor([[ 0,  0,  1,  1,  2,  2,  3,  3,  3,  4,  4,  4,  5,  5,  6,  6,  6,  7,
          7,  8,  8,  8,  9,  9, 10, 10, 10, 11, 11, 11, 12, 12, 12, 13, 13, 14,
         14, 14, 15, 15, 15, 16, 16, 16, 17, 18, 19, 19, 19, 20, 21, 22, 22, 22,
         23, 24],
        [ 1,  5,  0,  2,  1,  3,  2,  4, 12,  3,  5,  6,  0,  4,  4,  7, 11,  6,
          8,  7,  9, 22,  8, 10,  9, 11, 15,  6, 10, 12,  3, 11, 13, 12, 14, 13,
         15, 19, 10, 14, 16, 15, 17, 18, 16, 16, 14, 20, 21, 19, 19,  8, 23, 24,
         22, 22]])
====================
data.edge_attr:
:tensor([[1., 0., 0., 0.],
        [1., 0., 0., 0.],
        [1., 0., 0., 0.],
        [1., 0., 0., 0.],
        [1., 0., 0., 0.],
        [1., 0., 0., 0.],
        [1., 0., 0., 0.],
        [1., 0., 0., 0.],
        [0., 1., 0., 0.],
        [1., 0., 0., 0.],
        [1., 0., 0., 0.],
        [0., 1., 0., 0.],
        [1., 0., 0., 0.],
        [1., 0., 0., 0.],
        [0., 1., 0., 0.],
        [1., 0., 0., 0.],
        [1., 0., 0., 0.],
        [1., 0., 0., 0.],
        [1., 0., 0., 0.],
        [1., 0., 0., 0.],
        [1., 0., 0., 0.],
        [0., 1., 0., 0.],
        [1., 0., 0., 0.],
        [1., 0., 0., 0.],
        [1., 0., 0., 0.],
        [1., 0., 0., 0.],
        [1., 0., 0., 0.],
        [1., 0., 0., 0.],
        [1., 0., 0., 0.],
        [1., 0., 0., 0.],
        [0., 1., 0., 0.],
        [1., 0., 0., 0.],
        [1., 0., 0., 0.],
        [1., 0., 0., 0.],
        [1., 0., 0., 0.],
        [1., 0., 0., 0.],
        [1., 0., 0., 0.],
        [0., 1., 0., 0.],
        [1., 0., 0., 0.],
        [1., 0., 0., 0.],
        [0., 1., 0., 0.],
        [0., 1., 0., 0.],
        [0., 0., 1., 0.],
        [0., 1., 0., 0.],
        [0., 0., 1., 0.],
        [0., 1., 0., 0.],
        [0., 1., 0., 0.],
        [0., 0., 1., 0.],
        [0., 1., 0., 0.],
        [0., 0., 1., 0.],
        [0., 1., 0., 0.],
        [0., 1., 0., 0.],
        [0., 0., 1., 0.],
        [0., 1., 0., 0.],
        [0., 0., 1., 0.],
        [0., 1., 0., 0.]])
====================
data.y:
tensor([1])

========================================
========================================
====================
data:
Data(edge_index=[2, 56], x=[25, 7], edge_attr=[56, 4], y=[1])
====================
data.x:
tensor([[1., 0., 0., 0., 0., 0., 0.],
        [1., 0., 0., 0., 0., 0., 0.],
        [1., 0., 0., 0., 0., 0., 0.],
        [1., 0., 0., 0., 0., 0., 0.],
        [1., 0., 0., 0., 0., 0., 0.],
        [1., 0., 0., 0., 0., 0., 0.],
        [1., 0., 0., 0., 0., 0., 0.],
        [1., 0., 0., 0., 0., 0., 0.],
        [1., 0., 0., 0., 0., 0., 0.],
        [1., 0., 0., 0., 0., 0., 0.],
        [1., 0., 0., 0., 0., 0., 0.],
        [1., 0., 0., 0., 0., 0., 0.],
        [1., 0., 0., 0., 0., 0., 0.],
        [1., 0., 0., 0., 0., 0., 0.],
        [1., 0., 0., 0., 0., 0., 0.],
        [1., 0., 0., 0., 0., 0., 0.],
        [0., 1., 0., 0., 0., 0., 0.],
        [0., 0., 1., 0., 0., 0., 0.],
        [0., 0., 1., 0., 0., 0., 0.],
        [0., 1., 0., 0., 0., 0., 0.],
        [0., 0., 1., 0., 0., 0., 0.],
        [0., 0., 1., 0., 0., 0., 0.],
        [0., 1., 0., 0., 0., 0., 0.],
        [0., 0., 1., 0., 0., 0., 0.],
        [0., 0., 1., 0., 0., 0., 0.]])
====================
data.edge_index:
tensor([[ 0,  0,  1,  1,  2,  2,  3,  3,  3,  4,  4,  4,  5,  5,  6,  6,  6,  7,
          7,  8,  8,  8,  9,  9, 10, 10, 10, 11, 11, 11, 12, 12, 12, 13, 13, 13,
         14, 14, 14, 15, 15, 16, 16, 16, 17, 18, 19, 19, 19, 20, 21, 22, 22, 22,
         23, 24],
        [ 1,  5,  0,  2,  1,  3,  2,  4, 12,  3,  5,  6,  0,  4,  4,  7, 11,  6,
          8,  7,  9, 22,  8, 10,  9, 11, 15,  6, 10, 12,  3, 11, 13, 12, 14, 19,
         13, 15, 16, 10, 14, 14, 17, 18, 16, 16, 13, 20, 21, 19, 19,  8, 23, 24,
         22, 22]])
====================
data.edge_attr:
:tensor([[1., 0., 0., 0.],
        [1., 0., 0., 0.],
        [1., 0., 0., 0.],
        [1., 0., 0., 0.],
        [1., 0., 0., 0.],
        [1., 0., 0., 0.],
        [1., 0., 0., 0.],
        [1., 0., 0., 0.],
        [0., 1., 0., 0.],
        [1., 0., 0., 0.],
        [1., 0., 0., 0.],
        [0., 1., 0., 0.],
        [1., 0., 0., 0.],
        [1., 0., 0., 0.],
        [0., 1., 0., 0.],
        [1., 0., 0., 0.],
        [1., 0., 0., 0.],
        [1., 0., 0., 0.],
        [1., 0., 0., 0.],
        [1., 0., 0., 0.],
        [1., 0., 0., 0.],
        [0., 1., 0., 0.],
        [1., 0., 0., 0.],
        [1., 0., 0., 0.],
        [1., 0., 0., 0.],
        [1., 0., 0., 0.],
        [1., 0., 0., 0.],
        [1., 0., 0., 0.],
        [1., 0., 0., 0.],
        [1., 0., 0., 0.],
        [0., 1., 0., 0.],
        [1., 0., 0., 0.],
        [1., 0., 0., 0.],
        [1., 0., 0., 0.],
        [1., 0., 0., 0.],
        [0., 1., 0., 0.],
        [1., 0., 0., 0.],
        [1., 0., 0., 0.],
        [0., 1., 0., 0.],
        [1., 0., 0., 0.],
        [1., 0., 0., 0.],
        [0., 1., 0., 0.],
        [0., 0., 1., 0.],
        [0., 1., 0., 0.],
        [0., 0., 1., 0.],
        [0., 1., 0., 0.],
        [0., 1., 0., 0.],
        [0., 0., 1., 0.],
        [0., 1., 0., 0.],
        [0., 0., 1., 0.],
        [0., 1., 0., 0.],
        [0., 1., 0., 0.],
        [0., 0., 1., 0.],
        [0., 1., 0., 0.],
        [0., 0., 1., 0.],
        [0., 1., 0., 0.]])
====================
data.y:
tensor([1])

========================================
========================================
====================
data:
Data(edge_index=[2, 22], x=[11, 7], edge_attr=[22, 4], y=[1])
====================
data.x:
tensor([[1., 0., 0., 0., 0., 0., 0.],
        [1., 0., 0., 0., 0., 0., 0.],
        [1., 0., 0., 0., 0., 0., 0.],
        [1., 0., 0., 0., 0., 0., 0.],
        [1., 0., 0., 0., 0., 0., 0.],
        [1., 0., 0., 0., 0., 0., 0.],
        [0., 0., 0., 0., 0., 1., 0.],
        [0., 1., 0., 0., 0., 0., 0.],
        [0., 0., 1., 0., 0., 0., 0.],
        [0., 0., 1., 0., 0., 0., 0.],
        [0., 0., 0., 0., 0., 1., 0.]])
====================
data.edge_index:
tensor([[ 0,  0,  1,  1,  2,  2,  2,  3,  3,  3,  4,  4,  5,  5,  5,  6,  7,  7,
          7,  8,  9, 10],
        [ 1,  5,  0,  2,  1,  3, 10,  2,  4,  7,  3,  5,  0,  4,  6,  5,  3,  8,
          9,  7,  7,  2]])
====================
data.edge_attr:
:tensor([[1., 0., 0., 0.],
        [1., 0., 0., 0.],
        [1., 0., 0., 0.],
        [1., 0., 0., 0.],
        [1., 0., 0., 0.],
        [1., 0., 0., 0.],
        [0., 1., 0., 0.],
        [1., 0., 0., 0.],
        [1., 0., 0., 0.],
        [0., 1., 0., 0.],
        [1., 0., 0., 0.],
        [1., 0., 0., 0.],
        [1., 0., 0., 0.],
        [1., 0., 0., 0.],
        [0., 1., 0., 0.],
        [0., 1., 0., 0.],
        [0., 1., 0., 0.],
        [0., 0., 1., 0.],
        [0., 1., 0., 0.],
        [0., 0., 1., 0.],
        [0., 1., 0., 0.],
        [0., 1., 0., 0.]])
====================
data.y:
tensor([0])

========================================
========================================
====================
data:
Data(edge_index=[2, 50], x=[22, 7], edge_attr=[50, 4], y=[1])
====================
data.x:
tensor([[1., 0., 0., 0., 0., 0., 0.],
        [1., 0., 0., 0., 0., 0., 0.],
        [1., 0., 0., 0., 0., 0., 0.],
        [1., 0., 0., 0., 0., 0., 0.],
        [1., 0., 0., 0., 0., 0., 0.],
        [1., 0., 0., 0., 0., 0., 0.],
        [1., 0., 0., 0., 0., 0., 0.],
        [1., 0., 0., 0., 0., 0., 0.],
        [1., 0., 0., 0., 0., 0., 0.],
        [1., 0., 0., 0., 0., 0., 0.],
        [1., 0., 0., 0., 0., 0., 0.],
        [1., 0., 0., 0., 0., 0., 0.],
        [1., 0., 0., 0., 0., 0., 0.],
        [1., 0., 0., 0., 0., 0., 0.],
        [0., 1., 0., 0., 0., 0., 0.],
        [0., 0., 1., 0., 0., 0., 0.],
        [0., 0., 1., 0., 0., 0., 0.],
        [1., 0., 0., 0., 0., 0., 0.],
        [1., 0., 0., 0., 0., 0., 0.],
        [0., 1., 0., 0., 0., 0., 0.],
        [0., 0., 1., 0., 0., 0., 0.],
        [0., 0., 1., 0., 0., 0., 0.]])
====================
data.edge_index:
tensor([[ 0,  0,  1,  1,  1,  2,  2,  3,  3,  3,  4,  4,  4,  5,  5,  5,  6,  6,
          7,  7,  8,  8,  8,  9,  9,  9, 10, 10, 10, 11, 11, 12, 12, 12, 13, 13,
         14, 14, 14, 15, 16, 17, 17, 18, 18, 19, 19, 19, 20, 21],
        [ 1,  5,  0,  2, 19,  1,  3,  2,  4, 18,  3,  5,  9,  0,  4,  6,  5,  7,
          6,  8,  7,  9, 13,  4,  8, 10,  9, 11, 17, 10, 12, 11, 13, 14,  8, 12,
         12, 15, 16, 14, 14, 10, 18,  3, 17,  1, 20, 21, 19, 19]])
====================
data.edge_attr:
:tensor([[1., 0., 0., 0.],
        [1., 0., 0., 0.],
        [1., 0., 0., 0.],
        [1., 0., 0., 0.],
        [0., 1., 0., 0.],
        [1., 0., 0., 0.],
        [1., 0., 0., 0.],
        [1., 0., 0., 0.],
        [1., 0., 0., 0.],
        [0., 1., 0., 0.],
        [1., 0., 0., 0.],
        [1., 0., 0., 0.],
        [0., 1., 0., 0.],
        [1., 0., 0., 0.],
        [1., 0., 0., 0.],
        [0., 1., 0., 0.],
        [0., 1., 0., 0.],
        [0., 1., 0., 0.],
        [0., 1., 0., 0.],
        [0., 1., 0., 0.],
        [0., 1., 0., 0.],
        [1., 0., 0., 0.],
        [1., 0., 0., 0.],
        [0., 1., 0., 0.],
        [1., 0., 0., 0.],
        [1., 0., 0., 0.],
        [1., 0., 0., 0.],
        [1., 0., 0., 0.],
        [0., 1., 0., 0.],
        [1., 0., 0., 0.],
        [1., 0., 0., 0.],
        [1., 0., 0., 0.],
        [1., 0., 0., 0.],
        [0., 1., 0., 0.],
        [1., 0., 0., 0.],
        [1., 0., 0., 0.],
        [0., 1., 0., 0.],
        [0., 0., 1., 0.],
        [0., 1., 0., 0.],
        [0., 0., 1., 0.],
        [0., 1., 0., 0.],
        [0., 1., 0., 0.],
        [0., 1., 0., 0.],
        [0., 1., 0., 0.],
        [0., 1., 0., 0.],
        [0., 1., 0., 0.],
        [0., 0., 1., 0.],
        [0., 1., 0., 0.],
        [0., 0., 1., 0.],
        [0., 1., 0., 0.]])
====================
data.y:
tensor([1])

========================================
========================================
====================
data:
Data(edge_index=[2, 22], x=[11, 7], edge_attr=[22, 4], y=[1])
====================
data.x:
tensor([[1., 0., 0., 0., 0., 0., 0.],
        [0., 0., 1., 0., 0., 0., 0.],
        [1., 0., 0., 0., 0., 0., 0.],
        [1., 0., 0., 0., 0., 0., 0.],
        [1., 0., 0., 0., 0., 0., 0.],
        [1., 0., 0., 0., 0., 0., 0.],
        [1., 0., 0., 0., 0., 0., 0.],
        [1., 0., 0., 0., 0., 0., 0.],
        [0., 1., 0., 0., 0., 0., 0.],
        [0., 0., 1., 0., 0., 0., 0.],
        [0., 0., 1., 0., 0., 0., 0.]])
====================
data.edge_index:
tensor([[ 0,  1,  1,  2,  2,  2,  3,  3,  4,  4,  5,  5,  5,  6,  6,  7,  7,  8,
          8,  8,  9, 10],
        [ 1,  0,  2,  1,  3,  7,  2,  4,  3,  5,  4,  6,  8,  5,  7,  2,  6,  5,
          9, 10,  8,  8]])
====================
data.edge_attr:
:tensor([[0., 1., 0., 0.],
        [0., 1., 0., 0.],
        [0., 1., 0., 0.],
        [0., 1., 0., 0.],
        [1., 0., 0., 0.],
        [1., 0., 0., 0.],
        [1., 0., 0., 0.],
        [1., 0., 0., 0.],
        [1., 0., 0., 0.],
        [1., 0., 0., 0.],
        [1., 0., 0., 0.],
        [1., 0., 0., 0.],
        [0., 1., 0., 0.],
        [1., 0., 0., 0.],
        [1., 0., 0., 0.],
        [1., 0., 0., 0.],
        [1., 0., 0., 0.],
        [0., 1., 0., 0.],
        [0., 0., 1., 0.],
        [0., 1., 0., 0.],
        [0., 0., 1., 0.],
        [0., 1., 0., 0.]])
====================
data.y:
tensor([0])

========================================
========================================
====================
data:
Data(edge_index=[2, 22], x=[11, 7], edge_attr=[22, 4], y=[1])
====================
data.x:
tensor([[1., 0., 0., 0., 0., 0., 0.],
        [1., 0., 0., 0., 0., 0., 0.],
        [1., 0., 0., 0., 0., 0., 0.],
        [1., 0., 0., 0., 0., 0., 0.],
        [1., 0., 0., 0., 0., 0., 0.],
        [1., 0., 0., 0., 0., 0., 0.],
        [0., 0., 0., 1., 0., 0., 0.],
        [0., 1., 0., 0., 0., 0., 0.],
        [0., 0., 1., 0., 0., 0., 0.],
        [0., 0., 1., 0., 0., 0., 0.],
        [0., 0., 0., 1., 0., 0., 0.]])
====================
data.edge_index:
tensor([[ 0,  0,  1,  1,  2,  2,  2,  3,  3,  3,  4,  4,  5,  5,  5,  6,  7,  7,
          7,  8,  9, 10],
        [ 1,  5,  0,  2,  1,  3, 10,  2,  4,  7,  3,  5,  0,  4,  6,  5,  3,  8,
          9,  7,  7,  2]])
====================
data.edge_attr:
:tensor([[1., 0., 0., 0.],
        [1., 0., 0., 0.],
        [1., 0., 0., 0.],
        [1., 0., 0., 0.],
        [1., 0., 0., 0.],
        [1., 0., 0., 0.],
        [0., 1., 0., 0.],
        [1., 0., 0., 0.],
        [1., 0., 0., 0.],
        [0., 1., 0., 0.],
        [1., 0., 0., 0.],
        [1., 0., 0., 0.],
        [1., 0., 0., 0.],
        [1., 0., 0., 0.],
        [0., 1., 0., 0.],
        [0., 1., 0., 0.],
        [0., 1., 0., 0.],
        [0., 0., 1., 0.],
        [0., 1., 0., 0.],
        [0., 0., 1., 0.],
        [0., 1., 0., 0.],
        [0., 1., 0., 0.]])
====================
data.y:
tensor([0])

========================================
========================================
====================
data:
Data(edge_index=[2, 24], x=[12, 7], edge_attr=[24, 4], y=[1])
====================
data.x:
tensor([[1., 0., 0., 0., 0., 0., 0.],
        [1., 0., 0., 0., 0., 0., 0.],
        [1., 0., 0., 0., 0., 0., 0.],
        [1., 0., 0., 0., 0., 0., 0.],
        [1., 0., 0., 0., 0., 0., 0.],
        [1., 0., 0., 0., 0., 0., 0.],
        [0., 1., 0., 0., 0., 0., 0.],
        [0., 0., 1., 0., 0., 0., 0.],
        [0., 0., 1., 0., 0., 0., 0.],
        [0., 1., 0., 0., 0., 0., 0.],
        [0., 0., 1., 0., 0., 0., 0.],
        [0., 0., 1., 0., 0., 0., 0.]])
====================
data.edge_index:
tensor([[ 0,  0,  1,  1,  2,  2,  2,  3,  3,  4,  4,  5,  5,  5,  6,  6,  6,  7,
          8,  9,  9,  9, 10, 11],
        [ 1,  5,  0,  2,  1,  3,  9,  2,  4,  3,  5,  0,  4,  6,  5,  7,  8,  6,
          6,  2, 10, 11,  9,  9]])
====================
data.edge_attr:
:tensor([[1., 0., 0., 0.],
        [1., 0., 0., 0.],
        [1., 0., 0., 0.],
        [1., 0., 0., 0.],
        [1., 0., 0., 0.],
        [1., 0., 0., 0.],
        [0., 1., 0., 0.],
        [1., 0., 0., 0.],
        [1., 0., 0., 0.],
        [1., 0., 0., 0.],
        [1., 0., 0., 0.],
        [1., 0., 0., 0.],
        [1., 0., 0., 0.],
        [0., 1., 0., 0.],
        [0., 1., 0., 0.],
        [0., 0., 1., 0.],
        [0., 1., 0., 0.],
        [0., 0., 1., 0.],
        [0., 1., 0., 0.],
        [0., 1., 0., 0.],
        [0., 0., 1., 0.],
        [0., 1., 0., 0.],
        [0., 0., 1., 0.],
        [0., 1., 0., 0.]])
====================
data.y:
tensor([1])

========================================
========================================
====================
data:
Data(edge_index=[2, 50], x=[22, 7], edge_attr=[50, 4], y=[1])
====================
data.x:
tensor([[1., 0., 0., 0., 0., 0., 0.],
        [1., 0., 0., 0., 0., 0., 0.],
        [1., 0., 0., 0., 0., 0., 0.],
        [1., 0., 0., 0., 0., 0., 0.],
        [1., 0., 0., 0., 0., 0., 0.],
        [1., 0., 0., 0., 0., 0., 0.],
        [1., 0., 0., 0., 0., 0., 0.],
        [1., 0., 0., 0., 0., 0., 0.],
        [1., 0., 0., 0., 0., 0., 0.],
        [1., 0., 0., 0., 0., 0., 0.],
        [1., 0., 0., 0., 0., 0., 0.],
        [1., 0., 0., 0., 0., 0., 0.],
        [1., 0., 0., 0., 0., 0., 0.],
        [1., 0., 0., 0., 0., 0., 0.],
        [1., 0., 0., 0., 0., 0., 0.],
        [1., 0., 0., 0., 0., 0., 0.],
        [0., 1., 0., 0., 0., 0., 0.],
        [0., 0., 1., 0., 0., 0., 0.],
        [0., 0., 1., 0., 0., 0., 0.],
        [0., 1., 0., 0., 0., 0., 0.],
        [0., 0., 1., 0., 0., 0., 0.],
        [0., 0., 1., 0., 0., 0., 0.]])
====================
data.edge_index:
tensor([[ 0,  0,  1,  1,  2,  2,  3,  3,  3,  4,  4,  4,  5,  5,  6,  6,  6,  7,
          7,  8,  8,  9,  9,  9, 10, 10, 10, 11, 11, 11, 12, 12, 12, 13, 13, 14,
         14, 15, 15, 15, 16, 16, 16, 17, 18, 19, 19, 19, 20, 21],
        [ 1,  5,  0,  2,  1,  3,  2,  4, 12,  3,  5,  6,  0,  4,  4,  7, 11,  6,
          8,  7,  9,  8, 10, 19,  9, 11, 15,  6, 10, 12,  3, 11, 13, 12, 14, 13,
         15, 10, 14, 16, 15, 17, 18, 16, 16,  9, 20, 21, 19, 19]])
====================
data.edge_attr:
:tensor([[1., 0., 0., 0.],
        [1., 0., 0., 0.],
        [1., 0., 0., 0.],
        [1., 0., 0., 0.],
        [1., 0., 0., 0.],
        [1., 0., 0., 0.],
        [1., 0., 0., 0.],
        [1., 0., 0., 0.],
        [0., 1., 0., 0.],
        [1., 0., 0., 0.],
        [1., 0., 0., 0.],
        [0., 1., 0., 0.],
        [1., 0., 0., 0.],
        [1., 0., 0., 0.],
        [0., 1., 0., 0.],
        [1., 0., 0., 0.],
        [1., 0., 0., 0.],
        [1., 0., 0., 0.],
        [1., 0., 0., 0.],
        [1., 0., 0., 0.],
        [1., 0., 0., 0.],
        [1., 0., 0., 0.],
        [1., 0., 0., 0.],
        [0., 1., 0., 0.],
        [1., 0., 0., 0.],
        [1., 0., 0., 0.],
        [1., 0., 0., 0.],
        [1., 0., 0., 0.],
        [1., 0., 0., 0.],
        [1., 0., 0., 0.],
        [0., 1., 0., 0.],
        [1., 0., 0., 0.],
        [1., 0., 0., 0.],
        [1., 0., 0., 0.],
        [1., 0., 0., 0.],
        [1., 0., 0., 0.],
        [1., 0., 0., 0.],
        [1., 0., 0., 0.],
        [1., 0., 0., 0.],
        [0., 1., 0., 0.],
        [0., 1., 0., 0.],
        [0., 0., 1., 0.],
        [0., 1., 0., 0.],
        [0., 0., 1., 0.],
        [0., 1., 0., 0.],
        [0., 1., 0., 0.],
        [0., 0., 1., 0.],
        [0., 1., 0., 0.],
        [0., 0., 1., 0.],
        [0., 1., 0., 0.]])
====================
data.y:
tensor([1])

========================================
========================================
====================
data:
Data(edge_index=[2, 50], x=[23, 7], edge_attr=[50, 4], y=[1])
====================
data.x:
tensor([[1., 0., 0., 0., 0., 0., 0.],
        [1., 0., 0., 0., 0., 0., 0.],
        [1., 0., 0., 0., 0., 0., 0.],
        [1., 0., 0., 0., 0., 0., 0.],
        [1., 0., 0., 0., 0., 0., 0.],
        [1., 0., 0., 0., 0., 0., 0.],
        [0., 1., 0., 0., 0., 0., 0.],
        [0., 0., 1., 0., 0., 0., 0.],
        [0., 0., 1., 0., 0., 0., 0.],
        [1., 0., 0., 0., 0., 0., 0.],
        [0., 0., 1., 0., 0., 0., 0.],
        [1., 0., 0., 0., 0., 0., 0.],
        [1., 0., 0., 0., 0., 0., 0.],
        [1., 0., 0., 0., 0., 0., 0.],
        [1., 0., 0., 0., 0., 0., 0.],
        [1., 0., 0., 0., 0., 0., 0.],
        [1., 0., 0., 0., 0., 0., 0.],
        [0., 1., 0., 0., 0., 0., 0.],
        [0., 0., 1., 0., 0., 0., 0.],
        [0., 0., 1., 0., 0., 0., 0.],
        [0., 1., 0., 0., 0., 0., 0.],
        [0., 0., 1., 0., 0., 0., 0.],
        [0., 0., 1., 0., 0., 0., 0.]])
====================
data.edge_index:
tensor([[ 0,  0,  1,  1,  2,  2,  2,  3,  3,  3,  4,  4,  5,  5,  5,  6,  6,  6,
          7,  8,  9,  9,  9, 10, 11, 11, 11, 12, 12, 12, 13, 13, 13, 14, 14, 15,
         15, 15, 16, 16, 17, 17, 17, 18, 19, 20, 20, 20, 21, 22],
        [ 1,  5,  0,  2,  1,  3, 12,  2,  4,  9,  3,  5,  0,  4,  6,  5,  7,  8,
          6,  6,  3, 10, 11,  9,  9, 12, 16,  2, 11, 13, 12, 14, 20, 13, 15, 14,
         16, 17, 11, 15, 15, 18, 19, 17, 17, 13, 21, 22, 20, 20]])
====================
data.edge_attr:
:tensor([[1., 0., 0., 0.],
        [1., 0., 0., 0.],
        [1., 0., 0., 0.],
        [1., 0., 0., 0.],
        [1., 0., 0., 0.],
        [1., 0., 0., 0.],
        [0., 1., 0., 0.],
        [1., 0., 0., 0.],
        [1., 0., 0., 0.],
        [0., 1., 0., 0.],
        [1., 0., 0., 0.],
        [1., 0., 0., 0.],
        [1., 0., 0., 0.],
        [1., 0., 0., 0.],
        [0., 1., 0., 0.],
        [0., 1., 0., 0.],
        [0., 0., 1., 0.],
        [0., 1., 0., 0.],
        [0., 0., 1., 0.],
        [0., 1., 0., 0.],
        [0., 1., 0., 0.],
        [0., 0., 1., 0.],
        [0., 1., 0., 0.],
        [0., 0., 1., 0.],
        [0., 1., 0., 0.],
        [1., 0., 0., 0.],
        [1., 0., 0., 0.],
        [0., 1., 0., 0.],
        [1., 0., 0., 0.],
        [1., 0., 0., 0.],
        [1., 0., 0., 0.],
        [1., 0., 0., 0.],
        [0., 1., 0., 0.],
        [1., 0., 0., 0.],
        [1., 0., 0., 0.],
        [1., 0., 0., 0.],
        [1., 0., 0., 0.],
        [0., 1., 0., 0.],
        [1., 0., 0., 0.],
        [1., 0., 0., 0.],
        [0., 1., 0., 0.],
        [0., 0., 1., 0.],
        [0., 1., 0., 0.],
        [0., 0., 1., 0.],
        [0., 1., 0., 0.],
        [0., 1., 0., 0.],
        [0., 0., 1., 0.],
        [0., 1., 0., 0.],
        [0., 0., 1., 0.],
        [0., 1., 0., 0.]])
====================
data.y:
tensor([1])

